#TrapID X Y char effort JulianDay precip Observers
1 515307.143829874 4905774.1458185 / -1.40157730112285 0.942040679704342 1.52175378868568 1.0231187486258
2 516465.005706736 4905367.22462824 / -0.106487466742685 0.942040679704342 1.96057020655325 1.0231187486258
3 517634.103248988 4905359.25435303 / 0.618591760805992 0.942040679704342 1.96057020655325 1.0231187486258
4 539022.732640776 4905825.57719254 / -1.1434928619047 2.06469046575723 2.10279406746503 1.0231187486258
5 540160.290649861 4906099.410226 / -1.50439021599116 2.06469046575723 2.10279406746503 1.0231187486258
6 541009.052312013 4905734.33511785 / -1.28322075248579 2.06469046575723 2.10279406746503 1.0231187486258
7 546834.778931981 4906445.910695 / 1.08531404700012 0.85568300385412 1.59140239807793 1.0231187486258
8 547936.259731318 4905856.84504978 / -1.66587390837106 0.85568300385412 1.59140239807793 1.0231187486258
9 548964.411694423 4906309.38253592 / -1.1393415961127 0.85568300385412 1.59140239807793 1.0231187486258
10 566581.005424965 4907979.05087399 / 0.225004183695161 -0.439682133899211 -0.572743194122184 -0.975616806725314
11 567615.550579946 4906781.10438184 / 0.292300585688035 -0.439682133899211 -0.572743194122184 -0.975616806725314
12 568239.211539295 4907898.25819811 / 0.928488719969005 -0.439682133899211 -0.572743194122184 -0.975616806725314
13 573943.680459807 4907551.34283517 / -0.171946784481688 -0.439682133899211 -0.724936134531054 1.0231187486258
14 574827.799715452 4908244.09362219 / -0.233915802829797 -0.439682133899211 -0.724936134531054 1.0231187486258
15 576839.316262186 4907360.12586125 / 0.730622685160549 -0.439682133899211 -0.671215308504547 1.0231187486258
16 523404.269145582 4901730.84071209 / -0.200956557492803 0.164821597052343 -0.954484925098052 1.0231187486258
17 524398.901631175 4901823.87355882 / -0.890256867744301 0.164821597052343 -0.981116267473085 1.0231187486258
18 525311.857889023 4901775.22007817 / -0.695765882179132 0.164821597052343 -0.954484925098052 1.0231187486258
19 543060.5262039 4899350.89687129 / -0.840770581990137 0.769325328003898 0.0673177033921027 -0.975616806725314
20 544213.718880266 4898262.81315826 / -1.26022019550049 0.769325328003898 0.0673177033921027 -0.975616806725314
21 545022.379111252 4899394.58455404 / 0.161251701367351 0.769325328003898 0.0673177033921027 -0.975616806725314
22 503969.403360282 4892822.89324551 / -1.24023939279357 0.164821597052343 -1.03992661252012 -0.975616806725314
23 504638.710205679 4894809.66046795 / 0.807136834029512 0.164821597052343 -1.03646699053139 -0.975616806725314
24 505769.108343873 4893796.20521409 / -0.862723989688273 0.164821597052343 -1.03646699053139 -0.975616806725314
25 515887.975283712 4894600.13830824 / 0.855091182238458 0.0784639212021213 -1.00054351327272 -0.975616806725314
26 517098.230976977 4893337.13907601 / -0.0423662429147046 0.0784639212021213 -1.00054351327272 -0.975616806725314
27 517710.59460483 4893480.70443005 / 1.32903582863293 0.0784639212021213 -1.00054351327272 -0.975616806725314
28 527567.093369586 4893853.22349846 / 0.456298138312419 0.0784639212021213 -0.93913075356205 -0.975616806725314
29 528512.316381423 4893794.5502375 / 0.483307761009522 0.337536948752788 -0.93913075356205 -0.975616806725314
30 529738.480999118 4894036.84333331 / 0.570489581050178 0.0784639212021213 -0.93913075356205 -0.975616806725314
31 535503.927818676 4895390.02626368 / -0.265780477422083 0.682967652153676 -0.951715837192722 1.0231187486258
32 536267.682105541 4894063.30083785 / 1.39426979035973 0.682967652153676 -0.951715837192722 1.0231187486258
33 537650.879901757 4895463.85207687 / 1.55344320462462 0.682967652153676 -0.951715837192722 1.0231187486258
34 551511.941892995 4895594.85824441 / 2.51645572170126 -0.266966782198767 -0.805171659519588 -0.975616806725314
35 552005.347181934 4896173.75466282 / 2.10311936175586 -0.266966782198767 -0.805171659519588 -0.975616806725314
36 553084.386891785 4895087.8886063 / 1.4975544920813 -0.266966782198767 -0.805171659519588 -0.975616806725314
37 562710.388739078 4896194.85727982 / 0.478453780855826 -0.180609106348545 -0.850737640227569 -0.975616806725314
38 564068.568832555 4895426.16156052 / 2.07810193716318 -0.180609106348545 -0.850737640227569 -0.975616806725314
39 564948.622434768 4895445.82833609 / -0.368921972396378 -0.180609106348545 -0.850737640227569 -0.975616806725314
40 574927.661435369 4895190.25686611 / -0.339691889525616 -0.266966782198767 -0.745412441787789 1.0231187486258
41 575564.686226446 4895353.50233032 / -0.386035982665258 -0.266966782198767 -0.745412441787789 1.0231187486258
42 576695.770816116 4897055.75031345 / 1.41217345017397 -0.266966782198767 -0.738408318021081 1.0231187486258
43 591456.931740592 4899699.51432595 / 0.903802477311479 1.46018673480567 1.71867376442334 1.0231187486258
44 592469.003369453 4899523.00425157 / 0.0530287865314686 1.46018673480567 1.70030962945148 1.0231187486258
45 519990.3438584 4885810.5421849 / -0.122705234204024 0.251179272902565 -0.916229925234499 1.0231187486258
46 520844.073788109 4885686.50274433 / 0.749306414193435 0.251179272902565 -0.916229925234499 1.0231187486258
47 521786.670508364 4886200.96530235 / -0.507691858440612 0.251179272902565 -0.916229925234499 1.0231187486258
48 527976.422569028 4882313.55138637 / -0.683246036092302 0.942040679704342 2.09266495450045 -0.975616806725314
49 528936.247191992 4882091.8607085 / -0.458874665626323 0.942040679704342 2.09266495450045 -0.975616806725314
50 529699.429694137 4881741.46118821 / -0.819231923202424 0.942040679704342 2.09266495450045 -0.975616806725314
51 535513.339163632 4883365.48424311 / 0.0374164599179902 0.337536948752788 -0.955529465072464 1.0231187486258
52 536724.468029917 4882119.21022646 / -0.261283205341503 0.337536948752788 -0.911907561799486 1.0231187486258
53 537928.141097279 4882249.74978534 / -0.757016746330967 0.337536948752788 -0.911907561799486 1.0231187486258
54 575410.638798527 4882883.05262624 / -0.868375320208942 -0.0942514304983229 -0.693605814884184 1.0231187486258
55 576725.432836851 4883060.10422036 / -0.920364774078325 -0.0942514304983229 -0.705984035510295 1.0231187486258
56 577290.130089281 4884592.23198425 / -1.09934619679076 -0.0942514304983229 -0.705984035510295 1.0231187486258
57 551695.953149229 4878197.22843133 / -1.35821124299673 2.49647884500834 -0.537908857551136 1.0231187486258
58 552396.873378439 4878359.53321408 / -0.822147070199873 2.49647884500834 -0.537908857551136 1.0231187486258
59 553303.522003874 4879604.91269029 / 0.066743259095448 2.49647884500834 -0.537908857551136 1.0231187486258
60 563427.71454333 4881330.53211567 / 0.235841706708039 1.37382905895545 1.2948294453008 1.0231187486258
61 564360.106589847 4880624.29819312 / 1.40167312648506 1.37382905895545 1.2948294453008 1.0231187486258
62 565309.807520433 4879116.2285167 / -1.31917324291468 1.37382905895545 1.2872283246604 1.0231187486258
63 528358.940034566 4870167.2550509 / -0.450078470175095 0.85568300385412 1.45059998594156 -0.975616806725314
64 529127.924243356 4871584.47490391 / 0.493390842251141 0.85568300385412 1.45059998594156 -0.975616806725314
65 530545.595674337 4870061.74260196 / -0.969156479499866 0.85568300385412 1.45059998594156 -0.975616806725314
66 540049.658518632 4870596.73914635 / 1.03396787573741 -1.04418586485077 -0.658580855349183 -0.975616806725314
67 541020.168719251 4870967.92047413 / 0.341772973423103 -1.04418586485077 -0.658580855349183 -0.975616806725314
68 542145.802453855 4870692.38324274 / 2.26568122987604 -1.04418586485077 -0.658580855349183 -0.975616806725314
69 551419.259065997 4871026.59990811 / 1.00473497289977 -0.957828189000544 -0.0413595397853499 -0.975616806725314
70 552864.950531342 4870801.13860824 / -0.524476186033502 -0.957828189000544 -0.0413595397853499 -0.975616806725314
71 553595.888192267 4870826.93491809 / 0.356947879198198 -0.957828189000544 -0.0413595397853499 -0.975616806725314
72 563147.364458527 4872696.81472061 / 0.166297752925993 -0.353324458048989 0.188666338721429 -0.975616806725314
73 564668.376976817 4872348.3795569 / -0.16838682701462 -0.353324458048989 0.188666338721429 -0.975616806725314
74 565694.435786442 4872452.5629851 / -0.703684064043497 -0.353324458048989 0.0666113607498621 -0.975616806725314
75 587260.42172717 4871674.80762009 / -0.818147443679008 1.89197511405678 1.81716932950992 1.0231187486258
76 588135.182655074 4872011.86101467 / -0.427397563723668 1.89197511405678 2.1309582452015 1.0231187486258
77 589267.860799392 4872452.51957354 / -0.625830492065944 1.89197511405678 2.1309582452015 1.0231187486258
78 528751.162655721 4857736.10105114 / 2.4121849278178 -1.13054354070099 -0.528466499275054 -0.975616806725314
79 529479.261198627 4858184.16613532 / 1.17038333144694 -1.13054354070099 -0.528466499275054 -0.975616806725314
80 530540.772770234 4858482.15635607 / 0.0530610911750807 -1.38961656825165 -0.528466499275054 -0.975616806725314
81 540350.249185962 4859806.88052374 / -1.77978984150987 -1.13054354070099 -0.564081859919671 1.0231187486258
82 541310.722039718 4858499.7463909 / 1.49826267868262 -1.13054354070099 -0.499948747446229 1.0231187486258
83 542267.397826919 4858618.47058166 / -1.45050820039374 -1.13054354070099 -0.47892299059059 1.0231187486258
84 552174.5389437 4858775.35829122 / -0.502629101757374 -1.30325889240143 -0.0115454519447933 -0.975616806725314
85 553273.573104283 4859002.71851419 / -1.35760156600699 -1.38961656825165 -0.0115454519447933 -0.975616806725314
86 554314.775004299 4859398.00243649 / -0.464665537476682 -1.38961656825165 0.356044359358476 -0.975616806725314
87 564029.210066747 4859478.23124724 / 0.179663176160017 -1.47597424410188 0.785163942649093 1.0231187486258
88 564932.848269623 4859269.21457738 / -1.03942534725443 -1.47597424410188 0.785163942649093 1.0231187486258
89 566159.623073928 4859055.47976637 / -0.521409553043247 -1.47597424410188 0.206522668270217 1.0231187486258
90 575753.046458322 4861382.63474131 / 1.63340386469532 -1.04418586485077 0.156420670621383 -0.975616806725314
91 576884.181651439 4860381.63208166 / 1.07501096315406 -1.04418586485077 0.195400684042741 -0.975616806725314
92 577746.217595997 4861033.22157576 / 1.64949025111476 -1.04418586485077 0.195400684042741 -0.975616806725314
93 547091.053445539 4887840.52475653 / -1.67122489798962 0.769325328003898 0.0210223675122036 1.0231187486258
94 548309.834174872 4887658.68372013 / -0.707023602504018 0.769325328003898 0.0210223675122036 1.0231187486258
95 549413.714938596 4886452.90896278 / -1.3392825439148 0.769325328003898 0.105382826131506 1.0231187486258
96 552521.594253834 4848583.74481045 / -0.323389037317841 -1.5623319199521 -0.269752682848058 1.0231187486258
97 553670.349832881 4847115.45024893 / -0.510104576602858 -1.5623319199521 -0.176280495507959 1.0231187486258
98 554637.5487604 4847402.10709314 / -0.484605377773209 -1.5623319199521 -0.176280495507959 1.0231187486258
99 564308.295938891 4848291.35474098 / 1.29523018206104 -1.47597424410188 -0.00616158466002081 -0.975616806725314
100 565507.966797925 4848101.77755006 / -0.456110769844978 -1.47597424410188 0.0667120413150679 -0.975616806725314
101 566310.946756266 4849035.96787441 / -0.473953525383146 -1.47597424410188 0.0667120413150679 -0.975616806725314
102 580086.813238838 4848178.01949614 / -0.977329372775349 1.28747138310523 1.18804421730353 1.0231187486258
103 581055.658809597 4848334.23201275 / -0.726092128143691 1.28747138310523 0.847831086707862 1.0231187486258
104 582024.503205302 4849782.99671567 / -0.0133473564310153 1.28747138310523 0.703072497691742 1.0231187486258
105 585937.393363696 4916746.76417415 / 0.974842553056711 -0.353324458048989 -0.557058561301178 1.0231187486258
106 586985.111859226 4915099.79855207 / 0.805781671555152 -0.353324458048989 -0.569657517247976 1.0231187486258
107 587923.433121682 4915067.87823192 / -0.131242717125714 -0.353324458048989 -0.54025095232115 1.0231187486258
108 568524.736195952 4841732.27657372 / 0.593296703964516 1.5465444106559 1.69364545335745 1.0231187486258
109 569432.782976931 4841640.81390553 / 1.76461532639848 1.5465444106559 1.65659882552174 1.0231187486258
110 570471.125189684 4841027.13247844 / -0.172179774670053 1.5465444106559 1.65659882552174 1.0231187486258
111 572718.362026445 4832929.38094224 / 0.358250062592757 -0.871470513150322 0.476686857512767 -0.975616806725314
112 573749.86848984 4833141.93095341 / -0.458886075523491 -0.871470513150322 0.476686857512767 -0.975616806725314
113 574480.918936587 4833087.31413152 / 0.139015380355154 -0.871470513150322 0.476686857512767 -0.975616806725314
114 515503.12995558 4905500.8878146 / -1.40157730112285 0.942040679704342 1.52175378868568 1.0231187486258
115 516523.287644839 4905662.70068196 / -0.106487466742685 0.942040679704342 1.96057020655325 1.0231187486258
116 517272.327384605 4905696.41354377 / 0.618591760805992 0.942040679704342 1.96057020655325 1.0231187486258
117 539045.209232086 4905832.49036543 / -1.1434928619047 2.06469046575723 2.10279406746503 1.0231187486258
118 540052.971593572 4906134.34505977 / -1.50439021599116 2.06469046575723 2.10279406746503 1.0231187486258
119 540531.696630583 4905870.34379528 / -1.28322075248579 2.06469046575723 2.10279406746503 1.0231187486258
120 546637.937874487 4906827.56038728 / 1.08531404700012 0.85568300385412 1.60417650702386 1.0231187486258
121 547867.556092973 4905847.02022533 / -1.66587390837106 0.85568300385412 1.59140239807793 1.0231187486258
122 548759.799901491 4906083.27355595 / -1.1393415961127 0.85568300385412 1.59140239807793 1.0231187486258
123 566607.828090259 4907436.91290836 / 0.225004183695161 -0.439682133899211 -0.572743194122184 -0.975616806725314
124 567407.506742223 4906891.67716055 / 0.292300585688035 -0.439682133899211 -0.572743194122184 -0.975616806725314
125 568372.205594268 4907340.28266007 / 0.928488719969005 -0.439682133899211 -0.572743194122184 -0.975616806725314
126 573528.186710283 4907650.48114565 / -0.171946784481688 -0.439682133899211 -0.724936134531054 1.0231187486258
127 575144.604314426 4907730.72613476 / -0.233915802829797 -0.439682133899211 -0.724936134531054 1.0231187486258
128 576638.944180082 4907789.59902965 / 0.730622685160549 -0.439682133899211 -0.671215308504547 1.0231187486258
129 523420.113535958 4901897.84121586 / -0.200956557492803 0.164821597052343 -0.981116267473085 1.0231187486258
130 524358.321453182 4902258.4554737 / -0.890256867744301 0.164821597052343 -0.981116267473085 1.0231187486258
131 525368.611235577 4901901.28398557 / -0.695765882179132 0.164821597052343 -0.981116267473085 1.0231187486258
132 543128.797759329 4899436.51545989 / -0.840770581990137 0.769325328003898 0.0673177033921027 -0.975616806725314
133 544170.314901402 4897832.43727951 / -1.26022019550049 0.769325328003898 0.0673177033921027 -0.975616806725314
134 545001.540935765 4899589.78104844 / 0.161251701367351 0.769325328003898 0.0673177033921027 -0.975616806725314
135 503946.227158208 4892822.03180715 / -1.24023939279357 0.164821597052343 -1.03992661252012 -0.975616806725314
136 504841.302704124 4894515.3307863 / 0.807136834029512 0.164821597052343 -1.03646699053139 -0.975616806725314
137 505623.069815649 4894177.41347435 / -0.862723989688273 0.164821597052343 -1.03646699053139 -0.975616806725314
138 515979.713116097 4894226.65107192 / 0.855091182238458 0.0784639212021213 -1.00054351327272 -0.975616806725314
139 516843.978084837 4893816.11926137 / -0.0423662429147046 0.0784639212021213 -1.00054351327272 -0.975616806725314
140 517449.178353739 4893657.53844034 / 1.32903582863293 0.0784639212021213 -1.00054351327272 -0.975616806725314
141 527533.474340796 4894308.99780517 / 0.456298138312419 0.0784639212021213 -0.93913075356205 -0.975616806725314
142 528354.420970327 4894216.73130292 / 0.483307761009522 0.337536948752788 -0.93913075356205 -0.975616806725314
143 530272.423486364 4894192.66746689 / 0.570489581050178 0.0784639212021213 -0.93913075356205 -0.975616806725314
144 535664.089338067 4894967.59891025 / -0.265780477422083 0.682967652153676 -0.951715837192722 1.0231187486258
145 536026.715352561 4894425.10136348 / 1.39426979035973 0.682967652153676 -0.951715837192722 1.0231187486258
146 537723.273662794 4894957.07515933 / 1.55344320462462 0.682967652153676 -0.951715837192722 1.0231187486258
147 551464.93174278 4895526.69244521 / 2.51645572170126 -0.266966782198767 -0.805171659519588 -0.975616806725314
148 552103.187144869 4895826.22185343 / 2.10311936175586 -0.266966782198767 -0.805171659519588 -0.975616806725314
149 553320.266834232 4894791.915324 / 1.4975544920813 -0.266966782198767 -0.805171659519588 -0.975616806725314
150 562388.048745174 4895864.65315959 / 0.478453780855826 -0.180609106348545 -0.850737640227569 -0.975616806725314
151 563560.7609937 4895491.99122169 / 2.07810193716318 -0.180609106348545 -0.850737640227569 -0.975616806725314
152 564507.098668081 4895464.35661168 / -0.368921972396378 -0.180609106348545 -0.850737640227569 -0.975616806725314
153 574900.545589555 4895429.37268276 / -0.339691889525616 -0.266966782198767 -0.745412441787789 1.0231187486258
154 575831.264388469 4894969.68113486 / -0.386035982665258 -0.266966782198767 -0.745412441787789 1.0231187486258
155 576647.676773799 4896581.41809689 / 1.41217345017397 -0.266966782198767 -0.738408318021081 1.0231187486258
156 591592.024640531 4900190.88237337 / 0.903802477311479 1.46018673480567 1.71867376442334 1.0231187486258
157 592355.996782751 4900062.17312977 / 0.0530287865314686 1.46018673480567 1.70030962945148 1.0231187486258
158 520072.887509083 4886363.72652929 / -0.122705234204024 0.251179272902565 -0.916229925234499 1.0231187486258
159 520889.860100267 4886262.037819 / 0.749306414193435 0.251179272902565 -0.916229925234499 1.0231187486258
160 521755.721374848 4886333.05811581 / -0.507691858440612 0.251179272902565 -0.916229925234499 1.0231187486258
161 527903.058018971 4882475.94377076 / -0.683246036092302 0.942040679704342 2.09266495450045 -0.975616806725314
162 528728.429225179 4881708.34624184 / -0.458874665626323 0.942040679704342 2.09266495450045 -0.975616806725314
163 530053.148939488 4881993.47366536 / -0.819231923202424 0.942040679704342 2.09266495450045 -0.975616806725314
164 535668.861173927 4882948.54605329 / 0.0374164599179902 0.337536948752788 -0.955529465072464 1.0231187486258
165 536756.392410279 4882637.5868459 / -0.261283205341503 0.337536948752788 -0.911907561799486 1.0231187486258
166 537916.336609466 4882602.6343712 / -0.757016746330967 0.337536948752788 -0.911907561799486 1.0231187486258
167 575160.038381932 4882577.62991107 / -0.868375320208942 -0.0942514304983229 -0.655821123854613 1.0231187486258
168 576512.730532954 4883072.88541464 / -0.920364774078325 -0.0942514304983229 -0.705984035510295 1.0231187486258
169 577246.720272607 4884961.23959518 / -1.09934619679076 -0.0942514304983229 -0.705984035510295 1.0231187486258
170 552098.146953029 4878266.91559648 / -1.35821124299673 2.49647884500834 -0.537908857551136 1.0231187486258
171 552531.075262288 4878391.10826512 / -0.822147070199873 2.49647884500834 -0.537908857551136 1.0231187486258
172 553140.669919805 4879113.7746434 / 0.066743259095448 2.49647884500834 -0.537908857551136 1.0231187486258
173 563661.466535391 4880909.89526811 / 0.235841706708039 1.37382905895545 1.2948294453008 1.0231187486258
174 564379.176425015 4880172.78004161 / 1.40167312648506 1.37382905895545 1.2948294453008 1.0231187486258
175 564959.294331935 4879400.48598833 / -1.31917324291468 1.37382905895545 1.2948294453008 1.0231187486258
176 528262.378932305 4870429.10944911 / -0.450078470175095 0.85568300385412 1.45059998594156 -0.975616806725314
177 528974.325754063 4871038.50140014 / 0.493390842251141 0.85568300385412 1.45059998594156 -0.975616806725314
178 530512.857225417 4869862.03003116 / -0.969156479499866 0.85568300385412 1.45059998594156 -0.975616806725314
179 540094.423618132 4870984.27664895 / 1.03396787573741 -1.04418586485077 -0.658580855349183 -0.975616806725314
180 540928.753909116 4871305.89519323 / 0.341772973423103 -1.04418586485077 -0.658580855349183 -0.975616806725314
181 542332.608394446 4871043.98251741 / 2.26568122987604 -1.04418586485077 -0.590957227185767 -0.975616806725314
182 551966.271620823 4870864.35483727 / 1.00473497289977 -0.957828189000544 -0.0413595397853499 -0.975616806725314
183 552637.17101723 4870745.93299177 / -0.524476186033502 -0.957828189000544 -0.0413595397853499 -0.975616806725314
184 553997.554324544 4870565.37695178 / 0.356947879198198 -0.957828189000544 0.258767926084649 -0.975616806725314
185 562732.625972779 4872440.74765466 / 0.166297752925993 -0.353324458048989 0.188666338721429 -0.975616806725314
186 564632.036567644 4872686.58596513 / -0.16838682701462 -0.353324458048989 0.188666338721429 -0.975616806725314
187 565377.066595784 4872503.23175695 / -0.703684064043497 -0.353324458048989 0.0666113607498621 -0.975616806725314
188 587430.583874116 4872086.83802036 / -0.818147443679008 1.89197511405678 1.81716932950992 1.0231187486258
189 588304.129525366 4871822.57202603 / -0.427397563723668 1.89197511405678 2.1309582452015 1.0231187486258
190 589184.373107252 4871974.65124882 / -0.625830492065944 1.89197511405678 2.1309582452015 1.0231187486258
191 528796.064238863 4858267.17834259 / 2.4121849278178 -1.13054354070099 -0.528466499275054 -0.975616806725314
192 529544.08203708 4858081.07461617 / 1.17038333144694 -1.13054354070099 -0.528466499275054 -0.975616806725314
193 530720.922230221 4858758.81008727 / 0.0530610911750807 -1.38961656825165 -0.528466499275054 -0.975616806725314
194 541097.669263286 4859052.19790838 / 1.49826267868262 -1.13054354070099 -0.499948747446229 1.0231187486258
195 542149.282779761 4858782.96217237 / -1.45050820039374 -1.13054354070099 -0.499948747446229 1.0231187486258
196 552145.42425941 4858892.92098321 / -0.502629101757374 -1.30325889240143 -0.0115454519447933 -0.975616806725314
197 553230.876235026 4858823.99518083 / -1.35760156600699 -1.38961656825165 -0.0115454519447933 -0.975616806725314
198 554101.420131838 4859632.26773413 / -0.464665537476682 -1.38961656825165 0.356044359358476 -0.975616806725314
199 563934.774273916 4859992.14443678 / 0.179663176160017 -1.47597424410188 0.785163942649093 1.0231187486258
200 565043.078683806 4859091.48241593 / -1.03942534725443 -1.47597424410188 0.206522668270217 1.0231187486258
201 566216.00755193 4858871.72179521 / -0.521409553043247 -1.47597424410188 0.206522668270217 1.0231187486258
202 575780.119654101 4860836.32024221 / 1.63340386469532 -1.04418586485077 0.156420670621383 -0.975616806725314
203 576828.491911844 4860957.27566239 / 1.07501096315406 -1.04418586485077 0.195400684042741 -0.975616806725314
204 577749.145893337 4860469.25326562 / 1.64949025111476 -1.04418586485077 0.195400684042741 -0.975616806725314
205 547085.952810792 4887785.40433545 / -1.67122489798962 0.769325328003898 0.0210223675122036 1.0231187486258
206 548345.55652494 4887531.40556607 / -0.707023602504018 0.769325328003898 0.105382826131506 1.0231187486258
207 549161.584829402 4886295.09167129 / -1.3392825439148 0.769325328003898 0.105382826131506 1.0231187486258
208 552422.776626717 4848269.85107853 / -0.323389037317841 -1.5623319199521 -0.269752682848058 1.0231187486258
209 553729.222727377 4847200.24192432 / -0.510104576602858 -1.5623319199521 -0.176280495507959 1.0231187486258
210 554611.807821528 4847545.95442929 / -0.484605377773209 -1.5623319199521 -0.176280495507959 1.0231187486258
211 564249.688264695 4848575.1020519 / 1.29523018206104 -1.47597424410188 -0.00616158466002081 -0.975616806725314
212 565456.779989007 4848499.56764962 / -0.456110769844978 -1.47597424410188 0.0667120413150679 -0.975616806725314
213 566443.425436053 4848740.26175299 / -0.473953525383146 -1.47597424410188 0.0667120413150679 -0.975616806725314
214 580011.052016516 4848760.1733824 / -0.977329372775349 1.28747138310523 1.18804421730353 1.0231187486258
215 580818.438310018 4848858.05822174 / -0.726092128143691 1.28747138310523 0.847831086707862 1.0231187486258
216 582032.179812205 4849309.34795582 / -0.0133473564310153 1.28747138310523 0.847831086707862 1.0231187486258
217 585823.437259633 4916493.95365309 / 0.974842553056711 -0.353324458048989 -0.557058561301178 1.0231187486258
218 586898.800919728 4915282.57580573 / 0.805781671555152 -0.353324458048989 -0.569657517247976 1.0231187486258
219 587988.683183845 4915592.99555776 / -0.131242717125714 -0.353324458048989 -0.54025095232115 1.0231187486258
220 568616.975926975 4841188.32488196 / 0.593296703964516 1.5465444106559 1.69364545335745 1.0231187486258
221 569434.535224273 4841117.54128018 / 1.76461532639848 1.5465444106559 1.65659882552174 1.0231187486258
222 570506.477017944 4840531.75459198 / -0.172179774670053 1.5465444106559 1.65659882552174 1.0231187486258
223 572548.204737973 4832390.26272191 / 0.358250062592757 -0.871470513150322 0.636422190801282 -0.975616806725314
224 573395.747981286 4833392.26951857 / -0.458886075523491 -0.871470513150322 0.476686857512767 -0.975616806725314
225 574748.573789638 4832483.53247801 / 0.139015380355154 -0.871470513150322 0.476686857512767 -0.975616806725314
226 516450.067325311 4905255.32625986 / -0.106487466742685 0.942040679704342 1.96057020655325 1.0231187486258
227 517596.266211884 4905852.78111118 / 0.618591760805992 0.942040679704342 1.96057020655325 1.0231187486258
228 539127.575170039 4905797.81295872 / -1.1434928619047 2.06469046575723 2.10279406746503 1.0231187486258
229 546676.239365258 4906917.66599765 / 1.08531404700012 0.85568300385412 1.60417650702386 1.0231187486258
230 548794.958617594 4906020.39886188 / -1.1393415961127 0.85568300385412 1.59140239807793 1.0231187486258
231 566803.554712247 4907158.80526523 / 0.225004183695161 -0.439682133899211 -0.572743194122184 -0.975616806725314
232 567404.683696204 4906811.13294164 / 0.292300585688035 -0.439682133899211 -0.572743194122184 -0.975616806725314
233 568458.234968681 4906969.54411663 / 0.928488719969005 -0.439682133899211 -0.572743194122184 -0.975616806725314
234 573944.052529151 4907626.3540474 / -0.171946784481688 -0.439682133899211 -0.724936134531054 1.0231187486258
235 574798.246024607 4908274.69152067 / -0.233915802829797 -0.439682133899211 -0.724936134531054 1.0231187486258
236 576620.280478759 4908343.67695479 / 0.730622685160549 -0.439682133899211 -0.671215308504547 1.0231187486258
237 523367.64516876 4901754.86201118 / -0.200956557492803 0.164821597052343 -0.954484925098052 1.0231187486258
238 524313.915892159 4902574.80681943 / -0.890256867744301 0.164821597052343 -0.981116267473085 1.0231187486258
239 525335.068094125 4901283.79977137 / -0.695765882179132 0.164821597052343 -0.954484925098052 1.0231187486258
240 543243.6787332 4899105.91675556 / -0.840770581990137 0.769325328003898 0.0673177033921027 -0.975616806725314
241 544890.260077624 4899562.32272312 / 0.161251701367351 0.769325328003898 0.0673177033921027 -0.975616806725314
242 505003.869674769 4893964.63653046 / 0.807136834029512 0.164821597052343 -1.03646699053139 -0.975616806725314
243 505839.352821619 4894329.28858268 / -0.862723989688273 0.164821597052343 -1.03646699053139 -0.975616806725314
244 515725.834465368 4893833.6851087 / 0.855091182238458 0.0784639212021213 -1.00054351327272 -0.975616806725314
245 516939.565277792 4893629.93454491 / -0.0423662429147046 0.0784639212021213 -1.00054351327272 -0.975616806725314
246 517255.362049384 4893868.03288709 / 1.32903582863293 0.0784639212021213 -1.00054351327272 -0.975616806725314
247 527847.728500519 4894239.13915799 / 0.456298138312419 0.0784639212021213 -0.93913075356205 -0.975616806725314
248 528246.756204529 4894161.18467237 / 0.483307761009522 0.337536948752788 -0.93913075356205 -0.975616806725314
249 530385.771846148 4894200.81844398 / 0.570489581050178 0.0784639212021213 -0.93913075356205 -0.975616806725314
250 535486.909334802 4895493.74518197 / -0.265780477422083 0.682967652153676 -0.951715837192722 1.0231187486258
251 536038.568335806 4894931.08633719 / 1.39426979035973 0.682967652153676 -0.951715837192722 1.0231187486258
252 537776.28371552 4894431.11943452 / 1.55344320462462 0.682967652153676 -0.951715837192722 1.0231187486258
253 551398.222683137 4896028.29228059 / 2.51645572170126 -0.266966782198767 -0.805171659519588 -0.975616806725314
254 552455.752150595 4895640.4686472 / 2.10311936175586 -0.266966782198767 -0.805171659519588 -0.975616806725314
255 553384.167073442 4894279.71693717 / 1.4975544920813 -0.266966782198767 -0.805171659519588 -0.975616806725314
256 561943.02530909 4896193.92569123 / 0.478453780855826 -0.180609106348545 -0.850737640227569 -0.975616806725314
257 564125.138842622 4895313.99711697 / 2.07810193716318 -0.180609106348545 -0.850737640227569 -0.975616806725314
258 565094.742719261 4895402.35813908 / -0.368921972396378 -0.180609106348545 -0.757895987352969 -0.975616806725314
259 574873.894143242 4895521.44838697 / -0.339691889525616 -0.266966782198767 -0.745412441787789 1.0231187486258
260 575857.649823912 4894637.75464092 / -0.386035982665258 -0.266966782198767 -0.745412441787789 1.0231187486258
261 576829.960287676 4896265.72451333 / 1.41217345017397 -0.266966782198767 -0.738408318021081 1.0231187486258
262 591654.806993772 4900580.80255473 / 0.903802477311479 1.46018673480567 1.71867376442334 1.0231187486258
263 592391.060251218 4900556.81283412 / 0.0530287865314686 1.46018673480567 1.70030962945148 1.0231187486258
264 519982.116706561 4885906.27400555 / -0.122705234204024 0.251179272902565 -0.916229925234499 1.0231187486258
265 521009.423071922 4886281.48484521 / 0.749306414193435 0.251179272902565 -0.916229925234499 1.0231187486258
266 521868.619849722 4885968.62319574 / -0.507691858440612 0.251179272902565 -0.916229925234499 1.0231187486258
267 528401.793580259 4882385.28250186 / -0.683246036092302 0.942040679704342 2.09266495450045 -0.975616806725314
268 528802.449354913 4882100.59586119 / -0.458874665626323 0.942040679704342 2.09266495450045 -0.975616806725314
269 529934.244557033 4881681.50922874 / -0.819231923202424 0.942040679704342 2.09266495450045 -0.975616806725314
270 535563.950325611 4882925.94658937 / 0.0374164599179902 0.337536948752788 -0.955529465072464 1.0231187486258
271 536693.570788719 4882294.03058409 / -0.261283205341503 0.337536948752788 -0.911907561799486 1.0231187486258
272 537941.899119625 4882087.54740458 / -0.757016746330967 0.337536948752788 -0.911907561799486 1.0231187486258
273 575366.423524333 4882796.94831587 / -0.868375320208942 -0.0942514304983229 -0.655821123854613 1.0231187486258
274 576223.424186198 4882897.48867856 / -0.920364774078325 -0.0942514304983229 -0.693605814884184 1.0231187486258
275 577131.944604433 4885064.56275081 / -1.09934619679076 -0.0942514304983229 -0.705984035510295 1.0231187486258
276 552944.932987506 4878605.0051385 / -0.822147070199873 2.49647884500834 -0.537908857551136 1.0231187486258
277 563662.246681657 4880892.95309575 / 0.235841706708039 1.37382905895545 1.2948294453008 1.0231187486258
278 564748.628250718 4879820.03325106 / 1.40167312648506 1.37382905895545 1.2948294453008 1.0231187486258
279 528397.689753053 4869978.87617152 / -0.450078470175095 0.85568300385412 1.45059998594156 -0.975616806725314
280 528998.35440265 4871278.84306741 / 0.493390842251141 0.85568300385412 1.45059998594156 -0.975616806725314
281 530314.3229962 4869658.16627092 / -0.969156479499866 0.85568300385412 1.45059998594156 -0.975616806725314
282 540121.4299332 4871070.4533452 / 1.03396787573741 -1.04418586485077 -0.658580855349183 -0.975616806725314
283 540683.442892467 4871404.79974136 / 0.341772973423103 -1.04418586485077 -0.658580855349183 -0.975616806725314
284 542198.168534358 4871307.09357942 / 2.26568122987604 -1.04418586485077 -0.590957227185767 -0.975616806725314
285 552053.658482035 4870800.21314572 / 1.00473497289977 -0.957828189000544 -0.0413595397853499 -0.975616806725314
286 553163.032105236 4870862.42385442 / -0.524476186033502 -0.957828189000544 -0.0413595397853499 -0.975616806725314
287 553603.170616043 4870833.77284076 / 0.356947879198198 -0.957828189000544 -0.0413595397853499 -0.975616806725314
288 562986.132155524 4872669.85307691 / 0.166297752925993 -0.353324458048989 0.188666338721429 -0.975616806725314
289 564602.541745617 4872262.14198189 / -0.16838682701462 -0.353324458048989 0.188666338721429 -0.975616806725314
290 565317.123348382 4872069.15993031 / -0.703684064043497 -0.353324458048989 0.0666113607498621 -0.975616806725314
291 587318.716208075 4872079.42670964 / -0.818147443679008 1.89197511405678 1.81716932950992 1.0231187486258
292 588344.430309375 4872332.05578869 / -0.427397563723668 1.89197511405678 2.1309582452015 1.0231187486258
293 589238.204136733 4871974.95419504 / -0.625830492065944 1.89197511405678 2.1309582452015 1.0231187486258
294 528837.464306558 4858613.08812689 / 2.4121849278178 -1.13054354070099 -0.528466499275054 -0.975616806725314
295 529709.756264673 4858589.8174437 / 1.17038333144694 -1.13054354070099 -0.528466499275054 -0.975616806725314
296 530722.094396145 4858505.4484439 / 0.0530610911750807 -1.38961656825165 -0.528466499275054 -0.975616806725314
297 541132.00985277 4859345.60979011 / 1.49826267868262 -1.13054354070099 -0.564081859919671 1.0231187486258
298 552307.828603084 4858428.96624551 / -0.502629101757374 -1.30325889240143 -0.0115454519447933 -0.975616806725314
299 554121.586408067 4859112.53930282 / -0.464665537476682 -1.38961656825165 0.36727303612827 -0.975616806725314
300 564043.622807271 4859826.24701839 / 0.179663176160017 -1.47597424410188 0.785163942649093 1.0231187486258
301 565146.70674411 4859024.70165099 / -1.03942534725443 -1.47597424410188 0.206522668270217 1.0231187486258
302 566216.517905758 4859189.52039676 / -0.521409553043247 -1.47597424410188 0.471543367957348 1.0231187486258
303 575788.523388555 4860315.63929984 / 1.63340386469532 -1.04418586485077 0.156420670621383 -0.975616806725314
304 576768.87896569 4861448.55051987 / 1.07501096315406 -1.04418586485077 0.195400684042741 -0.975616806725314
305 577672.947622806 4859910.29308449 / 1.64949025111476 -1.04418586485077 0.195400684042741 -0.975616806725314
306 548489.136616245 4887426.53032291 / -0.707023602504018 0.769325328003898 0.105382826131506 1.0231187486258
307 552479.764118492 4848439.35733448 / -0.323389037317841 -1.5623319199521 -0.269752682848058 1.0231187486258
308 553537.974926977 4846930.92307676 / -0.510104576602858 -1.5623319199521 -0.269752682848058 1.0231187486258
309 554508.663890866 4847169.70916315 / -0.484605377773209 -1.5623319199521 -0.176280495507959 1.0231187486258
310 564186.583488026 4848051.62880458 / 1.29523018206104 -1.47597424410188 -0.00616158466002081 -0.975616806725314
311 565222.294335046 4848119.73696224 / -0.456110769844978 -1.47597424410188 0.0667120413150679 -0.975616806725314
312 566503.256988795 4849203.98281937 / -0.473953525383146 -1.47597424410188 0.0667120413150679 -0.975616806725314
313 580258.457060006 4848812.72709215 / -0.977329372775349 1.28747138310523 1.18804421730353 1.0231187486258
314 580779.230860654 4849357.17074472 / -0.726092128143691 1.28747138310523 0.847831086707862 1.0231187486258
315 581993.608379326 4848752.0768733 / -0.0133473564310153 1.28747138310523 0.847831086707862 1.0231187486258
316 585929.269627001 4915979.58885064 / 0.974842553056711 -0.353324458048989 -0.569657517247976 1.0231187486258
317 587082.253316568 4915791.45926217 / 0.805781671555152 -0.353324458048989 -0.569657517247976 1.0231187486258
318 588052.379480432 4915917.21364954 / -0.131242717125714 -0.353324458048989 -0.54025095232115 1.0231187486258
319 569006.276266249 4840926.24284806 / 0.593296703964516 1.5465444106559 1.65659882552174 1.0231187486258
320 569528.071093435 4840575.30940728 / 1.76461532639848 1.5465444106559 1.65659882552174 1.0231187486258
321 570699.263616839 4841075.30489541 / -0.172179774670053 1.5465444106559 1.65659882552174 1.0231187486258
322 572734.40927246 4831905.01001845 / 0.358250062592757 -0.871470513150322 0.476686857512767 -0.975616806725314
323 573835.065724948 4833451.33695247 / -0.458886075523491 -0.871470513150322 0.476686857512767 -0.975616806725314
324 574863.12362279 4832036.51768756 / 0.139015380355154 -0.871470513150322 0.476686857512767 -0.975616806725314
325 516376.200807411 4904617.87319098 / -0.106487466742685 0.942040679704342 1.96057020655325 1.0231187486258
326 517829.921000741 4905413.59614545 / 0.618591760805992 0.942040679704342 1.96057020655325 1.0231187486258
327 546444.677001033 4907050.765009 / 1.08531404700012 0.85568300385412 1.60417650702386 1.0231187486258
328 566630.648523141 4907645.63461568 / 0.225004183695161 -0.439682133899211 -0.572743194122184 -0.975616806725314
329 567676.377496062 4906783.42861909 / 0.292300585688035 -0.439682133899211 -0.572743194122184 -0.975616806725314
330 568677.295706214 4907376.10885861 / 0.928488719969005 -0.439682133899211 -0.572743194122184 -0.975616806725314
331 573918.056022171 4907126.43616407 / -0.171946784481688 -0.439682133899211 -0.724936134531054 1.0231187486258
332 574416.437767418 4908623.7583877 / -0.233915802829797 -0.439682133899211 -0.724936134531054 1.0231187486258
333 576758.918949611 4907884.6604811 / 0.730622685160549 -0.439682133899211 -0.671215308504547 1.0231187486258
334 523468.689634082 4901255.23929162 / -0.200956557492803 0.164821597052343 -0.954484925098052 1.0231187486258
335 525333.237001001 4901284.64019097 / -0.695765882179132 0.164821597052343 -0.954484925098052 1.0231187486258
336 544868.928168529 4899029.97338658 / 0.161251701367351 0.769325328003898 0.0673177033921027 -0.975616806725314
337 505128.520613118 4893599.07460389 / 0.807136834029512 0.164821597052343 -1.03646699053139 -0.975616806725314
338 515530.905349361 4894026.85470667 / 0.855091182238458 0.0784639212021213 -1.00054351327272 -0.975616806725314
339 516996.680432051 4893233.49161809 / -0.0423662429147046 0.0784639212021213 -1.00054351327272 -0.975616806725314
340 517105.321483112 4893894.75760044 / 1.32903582863293 0.0784639212021213 -1.00054351327272 -0.975616806725314
341 527609.434487058 4894076.27406197 / 0.456298138312419 0.0784639212021213 -0.93913075356205 -0.975616806725314
342 528136.99395061 4893882.33478658 / 0.483307761009522 0.337536948752788 -0.93913075356205 -0.975616806725314
343 529882.814230421 4894204.4417381 / 0.570489581050178 0.0784639212021213 -0.93913075356205 -0.975616806725314
344 535483.549320506 4895439.9143815 / -0.265780477422083 0.682967652153676 -0.951715837192722 1.0231187486258
345 536029.998592166 4895048.40922621 / 1.39426979035973 0.682967652153676 -0.951715837192722 1.0231187486258
346 537767.002480519 4894242.93522833 / 1.55344320462462 0.682967652153676 -0.951715837192722 1.0231187486258
347 551415.553262503 4895604.69611481 / 2.51645572170126 -0.266966782198767 -0.805171659519588 -0.975616806725314
348 552723.403103227 4895329.05068604 / 2.10311936175586 -0.266966782198767 -0.805171659519588 -0.975616806725314
349 553390.149964578 4894669.17627419 / 1.4975544920813 -0.266966782198767 -0.805171659519588 -0.975616806725314
350 562362.287040968 4896266.11979148 / 0.478453780855826 -0.180609106348545 -0.850737640227569 -0.975616806725314
351 564256.45758425 4894976.70751207 / 2.07810193716318 -0.180609106348545 -0.850737640227569 -0.975616806725314
352 565414.514614984 4895244.93611551 / -0.368921972396378 -0.180609106348545 -0.757895987352969 -0.975616806725314
353 575052.351257922 4895162.01768593 / -0.339691889525616 -0.266966782198767 -0.745412441787789 1.0231187486258
354 575714.156515784 4894973.83835933 / -0.386035982665258 -0.266966782198767 -0.745412441787789 1.0231187486258
355 577016.998384469 4896014.08137539 / 1.41217345017397 -0.266966782198767 -0.738408318021081 1.0231187486258
356 591599.575948719 4900043.08384198 / 0.903802477311479 1.46018673480567 1.71867376442334 1.0231187486258
357 592398.98569814 4900038.19911511 / 0.0530287865314686 1.46018673480567 1.70030962945148 1.0231187486258
358 519930.607912003 4885378.18394248 / -0.122705234204024 0.251179272902565 -0.916229925234499 1.0231187486258
359 520903.652861844 4885760.41636799 / 0.749306414193435 0.251179272902565 -0.916229925234499 1.0231187486258
360 521927.682436567 4885830.69220429 / -0.507691858440612 0.251179272902565 -0.916229925234499 1.0231187486258
361 528418.864289769 4882391.71161075 / -0.683246036092302 0.942040679704342 2.09266495450045 -0.975616806725314
362 529117.366686257 4881877.83985477 / -0.458874665626323 0.942040679704342 2.09266495450045 -0.975616806725314
363 535653.655024712 4883501.40584022 / 0.0374164599179902 0.337536948752788 -0.955529465072464 1.0231187486258
364 536805.557861567 4881926.45077063 / -0.261283205341503 0.337536948752788 -0.911907561799486 1.0231187486258
365 553343.773206428 4880143.79113487 / 0.066743259095448 2.49647884500834 -0.537908857551136 1.0231187486258
366 563452.058411111 4881212.96707327 / 0.235841706708039 1.37382905895545 1.2948294453008 1.0231187486258
367 564893.648971811 4879488.40087063 / 1.40167312648506 1.37382905895545 1.2948294453008 1.0231187486258
368 528555.846089275 4869768.13143702 / -0.450078470175095 0.85568300385412 1.45059998594156 -0.975616806725314
369 529119.339970723 4871727.64740561 / 0.493390842251141 0.85568300385412 1.45059998594156 -0.975616806725314
370 540222.816206725 4870695.2418851 / 1.03396787573741 -1.04418586485077 -0.658580855349183 -0.975616806725314
371 540955.23167942 4870883.62428443 / 0.341772973423103 -1.04418586485077 -0.658580855349183 -0.975616806725314
372 542419.675512688 4871109.36769994 / 2.26568122987604 -1.04418586485077 -0.590957227185767 -0.975616806725314
373 551632.132338805 4871031.22490381 / 1.00473497289977 -0.957828189000544 -0.0413595397853499 -0.975616806725314
374 553296.063129457 4870981.28833006 / -0.524476186033502 -0.957828189000544 -0.0413595397853499 -0.975616806725314
375 554006.752955057 4870862.05514572 / 0.356947879198198 -0.957828189000544 0.258767926084649 -0.975616806725314
376 563461.544895902 4872975.24783574 / 0.166297752925993 -0.353324458048989 0.188666338721429 -0.975616806725314
377 564799.241635037 4871853.8936251 / -0.16838682701462 -0.353324458048989 0.188666338721429 -0.975616806725314
378 588105.618598028 4872210.2138526 / -0.427397563723668 1.89197511405678 2.1309582452015 1.0231187486258
379 589128.907551631 4872003.99182551 / -0.625830492065944 1.89197511405678 2.1309582452015 1.0231187486258
380 528895.709273507 4858891.70579046 / 2.4121849278178 -1.13054354070099 -0.528466499275054 -0.975616806725314
381 529674.539497378 4859065.4633497 / 1.17038333144694 -1.13054354070099 -0.528466499275054 -0.975616806725314
382 530577.857207518 4858148.88353181 / 0.0530610911750807 -1.38961656825165 -0.528466499275054 -0.975616806725314
383 541148.56396476 4859444.43474711 / 1.49826267868262 -1.13054354070099 -0.564081859919671 1.0231187486258
384 552325.670445058 4858265.13147278 / -0.502629101757374 -1.30325889240143 -0.0115454519447933 -0.975616806725314
385 554190.934711621 4858877.09771253 / -0.464665537476682 -1.38961656825165 0.36727303612827 -0.975616806725314
386 563964.701342317 4859303.0363335 / 0.179663176160017 -1.47597424410188 0.785163942649093 1.0231187486258
387 566010.624839697 4859122.21690618 / -0.521409553043247 -1.47597424410188 0.206522668270217 1.0231187486258
388 575738.257329663 4859779.45875104 / 1.63340386469532 -1.04418586485077 0.156420670621383 -0.975616806725314
389 576634.509461041 4860879.60733679 / 1.07501096315406 -1.04418586485077 0.195400684042741 -0.975616806725314
390 577901.651065272 4859589.65702072 / 1.64949025111476 -1.04418586485077 0.195400684042741 -0.975616806725314
391 552540.630731242 4848661.43241488 / -0.323389037317841 -1.5623319199521 -0.269752682848058 1.0231187486258
392 553561.075352072 4846806.54047158 / -0.510104576602858 -1.5623319199521 -0.269752682848058 1.0231187486258
393 554638.730984747 4846958.49939632 / -0.484605377773209 -1.5623319199521 -0.176280495507959 1.0231187486258
394 564261.479091636 4847798.12157111 / 1.29523018206104 -1.47597424410188 -0.00616158466002081 -0.975616806725314
395 565243.672209629 4848194.09642209 / -0.456110769844978 -1.47597424410188 0.0667120413150679 -0.975616806725314
396 566547.87489588 4849223.07247931 / -0.473953525383146 -1.47597424410188 0.0667120413150679 -0.975616806725314
397 581958.29655415 4848279.1706967 / -0.0133473564310153 1.28747138310523 0.847831086707862 1.0231187486258
398 585891.529778516 4915522.66521684 / 0.974842553056711 -0.353324458048989 -0.569657517247976 1.0231187486258
399 587113.764368824 4916389.85621669 / 0.805781671555152 -0.353324458048989 -0.557058561301178 1.0231187486258
400 587959.902795208 4915383.67577083 / -0.131242717125714 -0.353324458048989 -0.54025095232115 1.0231187486258
401 568718.643587428 4841402.49946445 / 0.593296703964516 1.5465444106559 1.69364545335745 1.0231187486258
402 569614.106376325 4840105.45601667 / 1.76461532639848 1.5465444106559 1.9709661170124 1.0231187486258
403 570619.06561452 4841568.08972547 / -0.172179774670053 1.5465444106559 1.65659882552174 1.0231187486258
404 572917.252410063 4832353.17176908 / 0.358250062592757 -0.871470513150322 0.476686857512767 -0.975616806725314
405 573663.495322651 4833273.60355192 / -0.458886075523491 -0.871470513150322 0.476686857512767 -0.975616806725314
406 575415.009029332 4832217.28223858 / 0.139015380355154 -0.871470513150322 0.476686857512767 -0.975616806725314
407 516378.021322991 4904620.42023607 / -0.106487466742685 0.942040679704342 1.96057020655325 1.0231187486258
408 517579.2000053 4905183.68780349 / 0.618591760805992 0.942040679704342 1.96057020655325 1.0231187486258
409 546607.410363628 4906585.39014226 / 1.08531404700012 0.85568300385412 1.60417650702386 1.0231187486258
410 566877.215143679 4908048.18114077 / 0.225004183695161 -0.439682133899211 -0.572743194122184 -0.975616806725314
411 567779.071646289 4906387.00486292 / 0.292300585688035 -0.439682133899211 -0.686869699879211 -0.975616806725314
412 568654.852098208 4907891.16720064 / 0.928488719969005 -0.439682133899211 -0.572743194122184 -0.975616806725314
413 573919.506080487 4907106.11114123 / -0.171946784481688 -0.439682133899211 -0.724936134531054 1.0231187486258
414 576688.886374907 4907318.94886874 / 0.730622685160549 -0.439682133899211 -0.671215308504547 1.0231187486258
415 544974.893786007 4898856.97020486 / 0.161251701367351 0.769325328003898 0.0673177033921027 -0.975616806725314
416 504917.774052638 4894142.10303949 / 0.807136834029512 0.164821597052343 -1.03646699053139 -0.975616806725314
417 515827.187349324 4894530.9266472 / 0.855091182238458 0.0784639212021213 -1.00054351327272 -0.975616806725314
418 516838.224098896 4893208.50876903 / -0.0423662429147046 0.0784639212021213 -1.00054351327272 -0.975616806725314
419 517439.207806633 4893509.21362245 / 1.32903582863293 0.0784639212021213 -1.00054351327272 -0.975616806725314
420 527514.472733376 4893607.25018535 / 0.456298138312419 0.0784639212021213 -0.93913075356205 -0.975616806725314
421 528352.818336157 4893316.3348759 / 0.483307761009522 0.337536948752788 -0.93913075356205 -0.975616806725314
422 529508.653770157 4893764.20630146 / 0.570489581050178 0.0784639212021213 -0.93913075356205 -0.975616806725314
423 536033.686858062 4894487.00183691 / 1.39426979035973 0.682967652153676 -0.951715837192722 1.0231187486258
424 537679.896231401 4894762.33825613 / 1.55344320462462 0.682967652153676 -0.951715837192722 1.0231187486258
425 550976.183521867 4895277.11346355 / 2.51645572170126 -0.266966782198767 -0.805171659519588 -0.975616806725314
426 552643.028904097 4895317.81201208 / 2.10311936175586 -0.266966782198767 -0.805171659519588 -0.975616806725314
427 552976.807978241 4895048.45953598 / 1.4975544920813 -0.266966782198767 -0.805171659519588 -0.975616806725314
428 562853.427252183 4896533.10456466 / 0.478453780855826 -0.180609106348545 -0.850737640227569 -0.975616806725314
429 564281.565476221 4894778.2162537 / 2.07810193716318 -0.180609106348545 -0.850737640227569 -0.975616806725314
430 577241.504751934 4896360.8176336 / 1.41217345017397 -0.266966782198767 -0.738408318021081 1.0231187486258
431 591745.063318711 4899573.01261602 / 0.903802477311479 1.46018673480567 1.70030962945148 1.0231187486258
432 592340.548481122 4899775.04636372 / 0.0530287865314686 1.46018673480567 1.70030962945148 1.0231187486258
433 519958.423852689 4885265.98741749 / -0.122705234204024 0.251179272902565 -0.916229925234499 1.0231187486258
434 521246.688331277 4885386.53626679 / 0.749306414193435 0.251179272902565 -0.916229925234499 1.0231187486258
435 535751.262232072 4883744.29763423 / 0.0374164599179902 0.337536948752788 -0.955529465072464 1.0231187486258
436 553460.746325007 4880410.83708711 / 0.066743259095448 2.49647884500834 -0.537908857551136 1.0231187486258
437 563265.064362068 4881664.56884435 / 0.235841706708039 1.37382905895545 1.2948294453008 1.0231187486258
438 564599.300150283 4879968.99620842 / 1.40167312648506 1.37382905895545 1.2948294453008 1.0231187486258
439 529154.354306338 4872111.24875714 / 0.493390842251141 0.85568300385412 1.45059998594156 -0.975616806725314
440 539764.364415659 4870422.57045717 / 1.03396787573741 -1.04418586485077 -0.658580855349183 -0.975616806725314
441 541435.609836449 4870767.97755322 / 0.341772973423103 -1.04418586485077 -0.658580855349183 -0.975616806725314
442 542325.41137353 4870735.05321901 / 2.26568122987604 -1.04418586485077 -0.590957227185767 -0.975616806725314
443 551532.030192218 4871001.20723762 / 1.00473497289977 -0.957828189000544 -0.0413595397853499 -0.975616806725314
444 553583.591457366 4870909.45966224 / 0.356947879198198 -0.957828189000544 -0.0413595397853499 -0.975616806725314
445 563326.979846264 4872911.24581746 / 0.166297752925993 -0.353324458048989 0.188666338721429 -0.975616806725314
446 528967.829505967 4859078.44277361 / 2.4121849278178 -1.13054354070099 -0.528466499275054 -0.975616806725314
447 529533.197106711 4858599.19811125 / 1.17038333144694 -1.13054354070099 -0.528466499275054 -0.975616806725314
448 530656.497728411 4857976.38010401 / 0.0530610911750807 -1.38961656825165 -0.528466499275054 -0.975616806725314
449 541077.871719959 4859082.58186903 / 1.49826267868262 -1.13054354070099 -0.499948747446229 1.0231187486258
450 564169.442616724 4858982.98292161 / 0.179663176160017 -1.47597424410188 0.339600792219634 1.0231187486258
451 575340.906409912 4860119.013543 / 1.63340386469532 -1.04418586485077 0.156420670621383 -0.975616806725314
452 576717.319000584 4860342.83671534 / 1.07501096315406 -1.04418586485077 0.195400684042741 -0.975616806725314
453 577935.282976437 4860118.45896711 / 1.64949025111476 -1.04418586485077 0.195400684042741 -0.975616806725314
454 564274.516344363 4847655.45573489 / 1.29523018206104 -1.47597424410188 -0.00616158466002081 -0.975616806725314
455 581872.665687985 4848152.26739728 / -0.0133473564310153 1.28747138310523 0.847831086707862 1.0231187486258
456 585911.740260219 4916111.15792344 / 0.974842553056711 -0.353324458048989 -0.557058561301178 1.0231187486258
457 586831.267956329 4916200.46679165 / 0.805781671555152 -0.353324458048989 -0.557058561301178 1.0231187486258
458 587963.509145607 4915296.42182489 / -0.131242717125714 -0.353324458048989 -0.54025095232115 1.0231187486258
459 568716.718457126 4841888.48282388 / 0.593296703964516 1.5465444106559 1.69364545335745 1.0231187486258
460 569678.957615906 4840665.43868469 / 1.76461532639848 1.5465444106559 1.65659882552174 1.0231187486258
461 570572.757997323 4841588.36228151 / -0.172179774670053 1.5465444106559 1.65659882552174 1.0231187486258
462 573114.137824575 4832808.69482644 / 0.358250062592757 -0.871470513150322 0.476686857512767 -0.975616806725314
463 575698.910367932 4832092.94645409 / 0.139015380355154 -0.871470513150322 0.476686857512767 -0.975616806725314
464 517408.918273048 4904906.54618651 / 0.618591760805992 0.942040679704342 1.96057020655325 1.0231187486258
465 546957.265515844 4906167.12344972 / 1.08531404700012 0.85568300385412 1.59140239807793 1.0231187486258
466 568337.573738249 4908325.58899938 / 0.928488719969005 -0.439682133899211 -0.572743194122184 -0.975616806725314
467 576750.204465031 4906811.98759891 / 0.730622685160549 -0.439682133899211 -0.671215308504547 1.0231187486258
468 504887.480912479 4894713.23617825 / 0.807136834029512 0.164821597052343 -1.03646699053139 -0.975616806725314
469 515954.495109638 4895071.8868098 / 0.855091182238458 0.0784639212021213 -1.00054351327272 -0.975616806725314
470 518035.097263046 4893424.81054774 / 1.32903582863293 0.0784639212021213 -1.00054351327272 -0.975616806725314
471 527415.654435321 4893472.94329588 / 0.456298138312419 0.0784639212021213 -0.93913075356205 -0.975616806725314
472 528529.705172946 4893301.4238449 / 0.483307761009522 0.337536948752788 -0.93913075356205 -0.975616806725314
473 529517.111766687 4893509.16859987 / 0.570489581050178 0.0784639212021213 -0.93913075356205 -0.975616806725314
474 536259.498093897 4894109.86500896 / 1.39426979035973 0.682967652153676 -0.951715837192722 1.0231187486258
475 537778.362816177 4895341.70593524 / 1.55344320462462 0.682967652153676 -0.951715837192722 1.0231187486258
476 551205.778913958 4894835.25387762 / 2.51645572170126 -0.266966782198767 -0.805171659519588 -0.975616806725314
477 552387.218788714 4895597.54791774 / 2.10311936175586 -0.266966782198767 -0.805171659519588 -0.975616806725314
478 552869.672012891 4895181.07204864 / 1.4975544920813 -0.266966782198767 -0.805171659519588 -0.975616806725314
479 562778.908132312 4896677.73608164 / 0.478453780855826 -0.180609106348545 -0.850737640227569 -0.975616806725314
480 564259.683718266 4895269.97210996 / 2.07810193716318 -0.180609106348545 -0.850737640227569 -0.975616806725314
481 577021.684151884 4896912.94439609 / 1.41217345017397 -0.266966782198767 -0.738408318021081 1.0231187486258
482 591492.840202079 4899221.9778281 / 0.903802477311479 1.46018673480567 1.71867376442334 1.0231187486258
483 520971.41563932 4885183.54735211 / 0.749306414193435 0.251179272902565 -0.916229925234499 1.0231187486258
484 564241.889820048 4880466.78688698 / 1.40167312648506 1.37382905895545 1.2948294453008 1.0231187486258
485 529366.688374405 4872092.69778198 / 0.493390842251141 0.85568300385412 1.45059998594156 -0.975616806725314
486 539999.959791528 4870315.94565694 / 1.03396787573741 -1.04418586485077 -0.658580855349183 -0.975616806725314
487 541485.153471632 4870770.4073216 / 0.341772973423103 -1.04418586485077 -0.658580855349183 -0.975616806725314
488 542060.942615034 4870471.51587543 / 2.26568122987604 -1.04418586485077 -0.658580855349183 -0.975616806725314
489 551620.839375021 4871302.73874844 / 1.00473497289977 -0.957828189000544 -0.0413595397853499 -0.975616806725314
490 553524.11816895 4870925.50393367 / 0.356947879198198 -0.957828189000544 -0.0413595397853499 -0.975616806725314
491 529022.365392733 4858659.65244279 / 2.4121849278178 -1.13054354070099 -0.528466499275054 -0.975616806725314
492 529570.004604343 4858179.48597576 / 1.17038333144694 -1.13054354070099 -0.528466499275054 -0.975616806725314
493 541295.180187079 4858533.96921618 / 1.49826267868262 -1.13054354070099 -0.499948747446229 1.0231187486258
494 574933.924564318 4860501.27968282 / 1.63340386469532 -1.04418586485077 0.156420670621383 -0.975616806725314
495 576674.696356289 4859788.51497811 / 1.07501096315406 -1.04418586485077 0.195400684042741 -0.975616806725314
496 577956.797401312 4860687.37422 / 1.64949025111476 -1.04418586485077 0.195400684042741 -0.975616806725314
497 564295.865915921 4848306.91181267 / 1.29523018206104 -1.47597424410188 -0.00616158466002081 -0.975616806725314
498 585812.742663502 4916475.58996544 / 0.974842553056711 -0.353324458048989 -0.557058561301178 1.0231187486258
499 586831.08945841 4915620.28773488 / 0.805781671555152 -0.353324458048989 -0.569657517247976 1.0231187486258
500 568634.716072874 4842213.05396359 / 0.593296703964516 1.5465444106559 1.69364545335745 1.0231187486258
501 569767.525345298 4841248.12765186 / 1.76461532639848 1.5465444106559 1.65659882552174 1.0231187486258
502 573105.297548717 4832829.36038618 / 0.358250062592757 -0.871470513150322 0.476686857512767 -0.975616806725314
503 546857.879955949 4905938.8642362 / 1.08531404700012 0.85568300385412 1.59140239807793 1.0231187486258
504 568453.222942261 4908378.49858491 / 0.928488719969005 -0.439682133899211 -0.572743194122184 -0.975616806725314
505 515930.609858614 4895120.13092434 / 0.855091182238458 0.0784639212021213 -1.00054351327272 -0.975616806725314
506 517933.523415836 4893113.10761778 / 1.32903582863293 0.0784639212021213 -1.00054351327272 -0.975616806725314
507 536382.710468146 4893548.27185685 / 1.39426979035973 0.682967652153676 -0.951715837192722 1.0231187486258
508 537421.634877153 4895474.40514583 / 1.55344320462462 0.682967652153676 -0.951715837192722 1.0231187486258
509 551174.419784429 4895104.50203134 / 2.51645572170126 -0.266966782198767 -0.805171659519588 -0.975616806725314
510 552153.920068428 4895884.25267789 / 2.10311936175586 -0.266966782198767 -0.805171659519588 -0.975616806725314
511 552876.135897504 4895286.21067059 / 1.4975544920813 -0.266966782198767 -0.805171659519588 -0.975616806725314
512 563696.845621704 4895413.64629667 / 2.07810193716318 -0.180609106348545 -0.850737640227569 -0.975616806725314
513 576752.800508702 4897390.34499328 / 1.41217345017397 -0.266966782198767 -0.843374496413719 1.0231187486258
514 591384.273290183 4899185.71224921 / 0.903802477311479 1.46018673480567 1.71867376442334 1.0231187486258
515 564019.601823963 4880708.27405699 / 1.40167312648506 1.37382905895545 1.2948294453008 1.0231187486258
516 540060.753489967 4870078.19128758 / 1.03396787573741 -1.04418586485077 -0.658580855349183 -0.975616806725314
517 541752.750680764 4870539.89899407 / 2.26568122987604 -1.04418586485077 -0.658580855349183 -0.975616806725314
518 551775.346959155 4871415.38326947 / 1.00473497289977 -0.957828189000544 -0.0413595397853499 -0.975616806725314
519 528752.971367927 4858309.36057759 / 2.4121849278178 -1.13054354070099 -0.528466499275054 -0.975616806725314
520 529342.703435285 4857876.81041318 / 1.17038333144694 -1.13054354070099 -0.528466499275054 -0.975616806725314
521 541311.91304213 4858012.50141717 / 1.49826267868262 -1.13054354070099 -0.499948747446229 1.0231187486258
522 575115.256452866 4861049.10516925 / 1.63340386469532 -1.04418586485077 0.156420670621383 -0.975616806725314
523 576877.073292396 4859831.53462193 / 1.07501096315406 -1.04418586485077 0.195400684042741 -0.975616806725314
524 577937.504560808 4861286.32155137 / 1.64949025111476 -1.04418586485077 0.195400684042741 -0.975616806725314
525 564096.764426485 4848070.25543545 / 1.29523018206104 -1.47597424410188 -0.00616158466002081 -0.975616806725314
526 586009.476451213 4916349.34785483 / 0.974842553056711 -0.353324458048989 -0.557058561301178 1.0231187486258
527 569729.655053789 4841814.24285682 / 1.76461532639848 1.5465444106559 1.65659882552174 1.0231187486258
528 517932.312261514 4893108.86690011 / 1.32903582863293 0.0784639212021213 -1.00054351327272 -0.975616806725314
529 536386.166832522 4893475.41241188 / 1.39426979035973 0.682967652153676 -0.951715837192722 1.0231187486258
530 537336.643195452 4895736.20409507 / 1.55344320462462 0.682967652153676 -0.951715837192722 1.0231187486258
531 551377.48389684 4895562.87227284 / 2.51645572170126 -0.266966782198767 -0.805171659519588 -0.975616806725314
532 551845.374018203 4896210.20141372 / 2.10311936175586 -0.266966782198767 -0.805171659519588 -0.975616806725314
533 552671.037012178 4895322.27435325 / 1.4975544920813 -0.266966782198767 -0.805171659519588 -0.975616806725314
534 563884.7493701 4895397.67463298 / 2.07810193716318 -0.180609106348545 -0.850737640227569 -0.975616806725314
535 576798.409605153 4897503.1763854 / 1.41217345017397 -0.266966782198767 -0.843374496413719 1.0231187486258
536 563968.082970188 4880728.53722222 / 1.40167312648506 1.37382905895545 1.2948294453008 1.0231187486258
537 541659.418523285 4870592.27424378 / 2.26568122987604 -1.04418586485077 -0.658580855349183 -0.975616806725314
538 528688.87095571 4857823.11186297 / 2.4121849278178 -1.13054354070099 -0.528466499275054 -0.975616806725314
539 541401.627564811 4858075.76786499 / 1.49826267868262 -1.13054354070099 -0.499948747446229 1.0231187486258
540 575197.536459235 4861412.75782802 / 1.63340386469532 -1.04418586485077 0.156420670621383 -0.975616806725314
541 577644.102048752 4861485.00709126 / 1.64949025111476 -1.04418586485077 0.195400684042741 -0.975616806725314
542 569568.738437839 4842217.63834522 / 1.76461532639848 1.5465444106559 1.65659882552174 1.0231187486258
543 551577.511816221 4896092.83507386 / 2.51645572170126 -0.266966782198767 -0.805171659519588 -0.975616806725314
544 551652.685138656 4896144.69818654 / 2.10311936175586 -0.266966782198767 -0.805171659519588 -0.975616806725314
545 564210.746252469 4895411.87254117 / 2.07810193716318 -0.180609106348545 -0.850737640227569 -0.975616806725314
546 541961.435147373 4870436.14061773 / 2.26568122987604 -1.04418586485077 -0.658580855349183 -0.975616806725314
547 528924.868611389 4857403.41178761 / 2.4121849278178 -1.13054354070099 -0.528466499275054 -0.975616806725314
