# V1 V2 V3 V4 V5 V6 V7 V8
1 515.307143829874 4905.7741458185 / -1.40157730112285 0.942040679704342 1.52175378868568 1.0231187486258
2 516.465005706736 4905.36722462824 / -0.106487466742685 0.942040679704342 1.96057020655325 1.0231187486258
3 517.634103248988 4905.35925435303 / 0.618591760805992 0.942040679704342 1.96057020655325 1.0231187486258
4 539.022732640776 4905.82557719254 / -1.1434928619047 2.06469046575723 2.10279406746503 1.0231187486258
5 540.160290649861 4906.099410226 / -1.50439021599116 2.06469046575723 2.10279406746503 1.0231187486258
6 541.009052312013 4905.73433511785 / -1.28322075248579 2.06469046575723 2.10279406746503 1.0231187486258
7 546.834778931981 4906.445910695 / 1.08531404700012 0.85568300385412 1.59140239807793 1.0231187486258
8 547.936259731318 4905.85684504978 / -1.66587390837106 0.85568300385412 1.59140239807793 1.0231187486258
9 548.964411694423 4906.30938253592 / -1.1393415961127 0.85568300385412 1.59140239807793 1.0231187486258
10 566.581005424965 4907.97905087399 / 0.225004183695161 -0.439682133899211 -0.572743194122184 -0.975616806725314
11 567.615550579946 4906.78110438184 / 0.292300585688035 -0.439682133899211 -0.572743194122184 -0.975616806725314
12 568.239211539295 4907.89825819811 / 0.928488719969005 -0.439682133899211 -0.572743194122184 -0.975616806725314
13 573.943680459807 4907.55134283517 / -0.171946784481688 -0.439682133899211 -0.724936134531054 1.0231187486258
14 574.827799715452 4908.24409362219 / -0.233915802829797 -0.439682133899211 -0.724936134531054 1.0231187486258
15 576.839316262186 4907.36012586125 / 0.730622685160549 -0.439682133899211 -0.671215308504547 1.0231187486258
16 523.404269145582 4901.73084071209 / -0.200956557492803 0.164821597052343 -0.954484925098052 1.0231187486258
17 524.398901631175 4901.82387355882 / -0.890256867744301 0.164821597052343 -0.981116267473085 1.0231187486258
18 525.311857889023 4901.77522007817 / -0.695765882179132 0.164821597052343 -0.954484925098052 1.0231187486258
19 543.0605262039 4899.35089687129 / -0.840770581990137 0.769325328003898 0.0673177033921027 -0.975616806725314
20 544.213718880266 4898.26281315826 / -1.26022019550049 0.769325328003898 0.0673177033921027 -0.975616806725314
21 545.022379111252 4899.39458455404 / 0.161251701367351 0.769325328003898 0.0673177033921027 -0.975616806725314
22 503.969403360282 4892.82289324551 / -1.24023939279357 0.164821597052343 -1.03992661252012 -0.975616806725314
23 504.638710205679 4894.80966046795 / 0.807136834029512 0.164821597052343 -1.03646699053139 -0.975616806725314
24 505.769108343873 4893.79620521409 / -0.862723989688273 0.164821597052343 -1.03646699053139 -0.975616806725314
25 515.887975283712 4894.60013830824 / 0.855091182238458 0.0784639212021213 -1.00054351327272 -0.975616806725314
26 517.098230976977 4893.33713907601 / -0.0423662429147046 0.0784639212021213 -1.00054351327272 -0.975616806725314
27 517.71059460483 4893.48070443005 / 1.32903582863293 0.0784639212021213 -1.00054351327272 -0.975616806725314
28 527.567093369586 4893.85322349846 / 0.456298138312419 0.0784639212021213 -0.93913075356205 -0.975616806725314
29 528.512316381423 4893.7945502375 / 0.483307761009522 0.337536948752788 -0.93913075356205 -0.975616806725314
30 529.738480999118 4894.03684333331 / 0.570489581050178 0.0784639212021213 -0.93913075356205 -0.975616806725314
31 535.503927818676 4895.39002626368 / -0.265780477422083 0.682967652153676 -0.951715837192722 1.0231187486258
32 536.267682105541 4894.06330083785 / 1.39426979035973 0.682967652153676 -0.951715837192722 1.0231187486258
33 537.650879901757 4895.46385207687 / 1.55344320462462 0.682967652153676 -0.951715837192722 1.0231187486258
34 551.511941892995 4895.59485824441 / 2.51645572170126 -0.266966782198767 -0.805171659519588 -0.975616806725314
35 552.005347181934 4896.17375466282 / 2.10311936175586 -0.266966782198767 -0.805171659519588 -0.975616806725314
36 553.084386891785 4895.0878886063 / 1.4975544920813 -0.266966782198767 -0.805171659519588 -0.975616806725314
37 562.710388739078 4896.19485727982 / 0.478453780855826 -0.180609106348545 -0.850737640227569 -0.975616806725314
38 564.068568832555 4895.42616156052 / 2.07810193716318 -0.180609106348545 -0.850737640227569 -0.975616806725314
39 564.948622434768 4895.44582833609 / -0.368921972396378 -0.180609106348545 -0.850737640227569 -0.975616806725314
40 574.927661435369 4895.19025686611 / -0.339691889525616 -0.266966782198767 -0.745412441787789 1.0231187486258
41 575.564686226446 4895.35350233032 / -0.386035982665258 -0.266966782198767 -0.745412441787789 1.0231187486258
42 576.695770816116 4897.05575031345 / 1.41217345017397 -0.266966782198767 -0.738408318021081 1.0231187486258
43 591.456931740592 4899.69951432595 / 0.903802477311479 1.46018673480567 1.71867376442334 1.0231187486258
44 592.469003369453 4899.52300425157 / 0.0530287865314686 1.46018673480567 1.70030962945148 1.0231187486258
45 519.9903438584 4885.8105421849 / -0.122705234204024 0.251179272902565 -0.916229925234499 1.0231187486258
46 520.844073788109 4885.68650274433 / 0.749306414193435 0.251179272902565 -0.916229925234499 1.0231187486258
47 521.786670508364 4886.20096530235 / -0.507691858440612 0.251179272902565 -0.916229925234499 1.0231187486258
48 527.976422569028 4882.31355138637 / -0.683246036092302 0.942040679704342 2.09266495450045 -0.975616806725314
49 528.936247191992 4882.0918607085 / -0.458874665626323 0.942040679704342 2.09266495450045 -0.975616806725314
50 529.699429694137 4881.74146118821 / -0.819231923202424 0.942040679704342 2.09266495450045 -0.975616806725314
51 535.513339163632 4883.36548424311 / 0.0374164599179902 0.337536948752788 -0.955529465072464 1.0231187486258
52 536.724468029917 4882.11921022646 / -0.261283205341503 0.337536948752788 -0.911907561799486 1.0231187486258
53 537.928141097279 4882.24974978534 / -0.757016746330967 0.337536948752788 -0.911907561799486 1.0231187486258
54 575.410638798527 4882.88305262624 / -0.868375320208942 -0.0942514304983229 -0.693605814884184 1.0231187486258
55 576.725432836851 4883.06010422036 / -0.920364774078325 -0.0942514304983229 -0.705984035510295 1.0231187486258
56 577.290130089281 4884.59223198425 / -1.09934619679076 -0.0942514304983229 -0.705984035510295 1.0231187486258
57 551.695953149229 4878.19722843133 / -1.35821124299673 2.49647884500834 -0.537908857551136 1.0231187486258
58 552.396873378439 4878.35953321408 / -0.822147070199873 2.49647884500834 -0.537908857551136 1.0231187486258
59 553.303522003874 4879.60491269029 / 0.066743259095448 2.49647884500834 -0.537908857551136 1.0231187486258
60 563.42771454333 4881.33053211567 / 0.235841706708039 1.37382905895545 1.2948294453008 1.0231187486258
61 564.360106589847 4880.62429819312 / 1.40167312648506 1.37382905895545 1.2948294453008 1.0231187486258
62 565.309807520433 4879.1162285167 / -1.31917324291468 1.37382905895545 1.2872283246604 1.0231187486258
63 528.358940034566 4870.1672550509 / -0.450078470175095 0.85568300385412 1.45059998594156 -0.975616806725314
64 529.127924243356 4871.58447490391 / 0.493390842251141 0.85568300385412 1.45059998594156 -0.975616806725314
65 530.545595674337 4870.06174260196 / -0.969156479499866 0.85568300385412 1.45059998594156 -0.975616806725314
66 540.049658518632 4870.59673914635 / 1.03396787573741 -1.04418586485077 -0.658580855349183 -0.975616806725314
67 541.020168719251 4870.96792047413 / 0.341772973423103 -1.04418586485077 -0.658580855349183 -0.975616806725314
68 542.145802453855 4870.69238324274 / 2.26568122987604 -1.04418586485077 -0.658580855349183 -0.975616806725314
69 551.419259065997 4871.02659990811 / 1.00473497289977 -0.957828189000544 -0.0413595397853499 -0.975616806725314
70 552.864950531342 4870.80113860824 / -0.524476186033502 -0.957828189000544 -0.0413595397853499 -0.975616806725314
71 553.595888192267 4870.82693491809 / 0.356947879198198 -0.957828189000544 -0.0413595397853499 -0.975616806725314
72 563.147364458527 4872.69681472061 / 0.166297752925993 -0.353324458048989 0.188666338721429 -0.975616806725314
73 564.668376976817 4872.3483795569 / -0.16838682701462 -0.353324458048989 0.188666338721429 -0.975616806725314
74 565.694435786442 4872.4525629851 / -0.703684064043497 -0.353324458048989 0.0666113607498621 -0.975616806725314
75 587.26042172717 4871.67480762009 / -0.818147443679008 1.89197511405678 1.81716932950992 1.0231187486258
76 588.135182655074 4872.01186101467 / -0.427397563723668 1.89197511405678 2.1309582452015 1.0231187486258
77 589.267860799392 4872.45251957354 / -0.625830492065944 1.89197511405678 2.1309582452015 1.0231187486258
78 528.751162655721 4857.73610105114 / 2.4121849278178 -1.13054354070099 -0.528466499275054 -0.975616806725314
79 529.479261198627 4858.18416613532 / 1.17038333144694 -1.13054354070099 -0.528466499275054 -0.975616806725314
80 530.540772770234 4858.48215635607 / 0.0530610911750807 -1.38961656825165 -0.528466499275054 -0.975616806725314
81 540.350249185962 4859.80688052374 / -1.77978984150987 -1.13054354070099 -0.564081859919671 1.0231187486258
82 541.310722039718 4858.4997463909 / 1.49826267868262 -1.13054354070099 -0.499948747446229 1.0231187486258
83 542.267397826919 4858.61847058166 / -1.45050820039374 -1.13054354070099 -0.47892299059059 1.0231187486258
84 552.1745389437 4858.77535829122 / -0.502629101757374 -1.30325889240143 -0.0115454519447933 -0.975616806725314
85 553.273573104283 4859.00271851419 / -1.35760156600699 -1.38961656825165 -0.0115454519447933 -0.975616806725314
86 554.314775004299 4859.39800243649 / -0.464665537476682 -1.38961656825165 0.356044359358476 -0.975616806725314
87 564.029210066747 4859.47823124724 / 0.179663176160017 -1.47597424410188 0.785163942649093 1.0231187486258
88 564.932848269623 4859.26921457738 / -1.03942534725443 -1.47597424410188 0.785163942649093 1.0231187486258
89 566.159623073928 4859.05547976637 / -0.521409553043247 -1.47597424410188 0.206522668270217 1.0231187486258
90 575.753046458322 4861.38263474131 / 1.63340386469532 -1.04418586485077 0.156420670621383 -0.975616806725314
91 576.884181651439 4860.38163208166 / 1.07501096315406 -1.04418586485077 0.195400684042741 -0.975616806725314
92 577.746217595997 4861.03322157576 / 1.64949025111476 -1.04418586485077 0.195400684042741 -0.975616806725314
93 547.091053445539 4887.84052475653 / -1.67122489798962 0.769325328003898 0.0210223675122036 1.0231187486258
94 548.309834174872 4887.65868372013 / -0.707023602504018 0.769325328003898 0.0210223675122036 1.0231187486258
95 549.413714938596 4886.45290896278 / -1.3392825439148 0.769325328003898 0.105382826131506 1.0231187486258
96 552.521594253834 4848.58374481045 / -0.323389037317841 -1.5623319199521 -0.269752682848058 1.0231187486258
97 553.670349832881 4847.11545024893 / -0.510104576602858 -1.5623319199521 -0.176280495507959 1.0231187486258
98 554.6375487604 4847.40210709314 / -0.484605377773209 -1.5623319199521 -0.176280495507959 1.0231187486258
99 564.308295938891 4848.29135474098 / 1.29523018206104 -1.47597424410188 -0.00616158466002081 -0.975616806725314
100 565.507966797925 4848.10177755006 / -0.456110769844978 -1.47597424410188 0.0667120413150679 -0.975616806725314
101 566.310946756266 4849.03596787441 / -0.473953525383146 -1.47597424410188 0.0667120413150679 -0.975616806725314
102 580.086813238838 4848.17801949614 / -0.977329372775349 1.28747138310523 1.18804421730353 1.0231187486258
103 581.055658809597 4848.33423201275 / -0.726092128143691 1.28747138310523 0.847831086707862 1.0231187486258
104 582.024503205302 4849.78299671567 / -0.0133473564310153 1.28747138310523 0.703072497691742 1.0231187486258
105 585.937393363696 4916.74676417415 / 0.974842553056711 -0.353324458048989 -0.557058561301178 1.0231187486258
106 586.985111859226 4915.09979855207 / 0.805781671555152 -0.353324458048989 -0.569657517247976 1.0231187486258
107 587.923433121682 4915.06787823192 / -0.131242717125714 -0.353324458048989 -0.54025095232115 1.0231187486258
108 568.524736195952 4841.73227657372 / 0.593296703964516 1.5465444106559 1.69364545335745 1.0231187486258
109 569.432782976931 4841.64081390553 / 1.76461532639848 1.5465444106559 1.65659882552174 1.0231187486258
110 570.471125189684 4841.02713247844 / -0.172179774670053 1.5465444106559 1.65659882552174 1.0231187486258
111 572.718362026445 4832.92938094224 / 0.358250062592757 -0.871470513150322 0.476686857512767 -0.975616806725314
112 573.74986848984 4833.14193095341 / -0.458886075523491 -0.871470513150322 0.476686857512767 -0.975616806725314
113 574.480918936587 4833.08731413152 / 0.139015380355154 -0.871470513150322 0.476686857512767 -0.975616806725314
114 515.50312995558 4905.5008878146 / -1.40157730112285 0.942040679704342 1.52175378868568 1.0231187486258
115 516.523287644839 4905.66270068196 / -0.106487466742685 0.942040679704342 1.96057020655325 1.0231187486258
116 517.272327384605 4905.69641354377 / 0.618591760805992 0.942040679704342 1.96057020655325 1.0231187486258
117 539.045209232086 4905.83249036543 / -1.1434928619047 2.06469046575723 2.10279406746503 1.0231187486258
118 540.052971593572 4906.13434505977 / -1.50439021599116 2.06469046575723 2.10279406746503 1.0231187486258
119 540.531696630583 4905.87034379528 / -1.28322075248579 2.06469046575723 2.10279406746503 1.0231187486258
120 546.637937874487 4906.82756038728 / 1.08531404700012 0.85568300385412 1.60417650702386 1.0231187486258
121 547.867556092973 4905.84702022533 / -1.66587390837106 0.85568300385412 1.59140239807793 1.0231187486258
122 548.759799901491 4906.08327355595 / -1.1393415961127 0.85568300385412 1.59140239807793 1.0231187486258
123 566.607828090259 4907.43691290836 / 0.225004183695161 -0.439682133899211 -0.572743194122184 -0.975616806725314
124 567.407506742223 4906.89167716055 / 0.292300585688035 -0.439682133899211 -0.572743194122184 -0.975616806725314
125 568.372205594268 4907.34028266007 / 0.928488719969005 -0.439682133899211 -0.572743194122184 -0.975616806725314
126 573.528186710283 4907.65048114565 / -0.171946784481688 -0.439682133899211 -0.724936134531054 1.0231187486258
127 575.144604314426 4907.73072613476 / -0.233915802829797 -0.439682133899211 -0.724936134531054 1.0231187486258
128 576.638944180082 4907.78959902965 / 0.730622685160549 -0.439682133899211 -0.671215308504547 1.0231187486258
129 523.420113535958 4901.89784121586 / -0.200956557492803 0.164821597052343 -0.981116267473085 1.0231187486258
130 524.358321453182 4902.2584554737 / -0.890256867744301 0.164821597052343 -0.981116267473085 1.0231187486258
131 525.368611235577 4901.90128398557 / -0.695765882179132 0.164821597052343 -0.981116267473085 1.0231187486258
132 543.128797759329 4899.43651545989 / -0.840770581990137 0.769325328003898 0.0673177033921027 -0.975616806725314
133 544.170314901402 4897.83243727951 / -1.26022019550049 0.769325328003898 0.0673177033921027 -0.975616806725314
134 545.001540935765 4899.58978104844 / 0.161251701367351 0.769325328003898 0.0673177033921027 -0.975616806725314
135 503.946227158208 4892.82203180715 / -1.24023939279357 0.164821597052343 -1.03992661252012 -0.975616806725314
136 504.841302704124 4894.5153307863 / 0.807136834029512 0.164821597052343 -1.03646699053139 -0.975616806725314
137 505.623069815649 4894.17741347435 / -0.862723989688273 0.164821597052343 -1.03646699053139 -0.975616806725314
138 515.979713116097 4894.22665107192 / 0.855091182238458 0.0784639212021213 -1.00054351327272 -0.975616806725314
139 516.843978084837 4893.81611926137 / -0.0423662429147046 0.0784639212021213 -1.00054351327272 -0.975616806725314
140 517.449178353739 4893.65753844034 / 1.32903582863293 0.0784639212021213 -1.00054351327272 -0.975616806725314
141 527.533474340796 4894.30899780517 / 0.456298138312419 0.0784639212021213 -0.93913075356205 -0.975616806725314
142 528.354420970327 4894.21673130292 / 0.483307761009522 0.337536948752788 -0.93913075356205 -0.975616806725314
143 530.272423486364 4894.19266746689 / 0.570489581050178 0.0784639212021213 -0.93913075356205 -0.975616806725314
144 535.664089338067 4894.96759891025 / -0.265780477422083 0.682967652153676 -0.951715837192722 1.0231187486258
145 536.026715352561 4894.42510136348 / 1.39426979035973 0.682967652153676 -0.951715837192722 1.0231187486258
146 537.723273662794 4894.95707515933 / 1.55344320462462 0.682967652153676 -0.951715837192722 1.0231187486258
147 551.46493174278 4895.52669244521 / 2.51645572170126 -0.266966782198767 -0.805171659519588 -0.975616806725314
148 552.103187144869 4895.82622185343 / 2.10311936175586 -0.266966782198767 -0.805171659519588 -0.975616806725314
149 553.320266834232 4894.791915324 / 1.4975544920813 -0.266966782198767 -0.805171659519588 -0.975616806725314
150 562.388048745174 4895.86465315959 / 0.478453780855826 -0.180609106348545 -0.850737640227569 -0.975616806725314
151 563.5607609937 4895.49199122169 / 2.07810193716318 -0.180609106348545 -0.850737640227569 -0.975616806725314
152 564.507098668081 4895.46435661168 / -0.368921972396378 -0.180609106348545 -0.850737640227569 -0.975616806725314
153 574.900545589555 4895.42937268276 / -0.339691889525616 -0.266966782198767 -0.745412441787789 1.0231187486258
154 575.831264388469 4894.96968113486 / -0.386035982665258 -0.266966782198767 -0.745412441787789 1.0231187486258
155 576.647676773799 4896.58141809689 / 1.41217345017397 -0.266966782198767 -0.738408318021081 1.0231187486258
156 591.592024640531 4900.19088237337 / 0.903802477311479 1.46018673480567 1.71867376442334 1.0231187486258
157 592.355996782751 4900.06217312977 / 0.0530287865314686 1.46018673480567 1.70030962945148 1.0231187486258
158 520.072887509083 4886.36372652929 / -0.122705234204024 0.251179272902565 -0.916229925234499 1.0231187486258
159 520.889860100267 4886.262037819 / 0.749306414193435 0.251179272902565 -0.916229925234499 1.0231187486258
160 521.755721374848 4886.33305811581 / -0.507691858440612 0.251179272902565 -0.916229925234499 1.0231187486258
161 527.903058018971 4882.47594377076 / -0.683246036092302 0.942040679704342 2.09266495450045 -0.975616806725314
162 528.728429225179 4881.70834624184 / -0.458874665626323 0.942040679704342 2.09266495450045 -0.975616806725314
163 530.053148939488 4881.99347366536 / -0.819231923202424 0.942040679704342 2.09266495450045 -0.975616806725314
164 535.668861173927 4882.94854605329 / 0.0374164599179902 0.337536948752788 -0.955529465072464 1.0231187486258
165 536.756392410279 4882.6375868459 / -0.261283205341503 0.337536948752788 -0.911907561799486 1.0231187486258
166 537.916336609466 4882.6026343712 / -0.757016746330967 0.337536948752788 -0.911907561799486 1.0231187486258
167 575.160038381932 4882.57762991107 / -0.868375320208942 -0.0942514304983229 -0.655821123854613 1.0231187486258
168 576.512730532954 4883.07288541464 / -0.920364774078325 -0.0942514304983229 -0.705984035510295 1.0231187486258
169 577.246720272607 4884.96123959518 / -1.09934619679076 -0.0942514304983229 -0.705984035510295 1.0231187486258
170 552.098146953029 4878.26691559648 / -1.35821124299673 2.49647884500834 -0.537908857551136 1.0231187486258
171 552.531075262288 4878.39110826512 / -0.822147070199873 2.49647884500834 -0.537908857551136 1.0231187486258
172 553.140669919805 4879.1137746434 / 0.066743259095448 2.49647884500834 -0.537908857551136 1.0231187486258
173 563.661466535391 4880.90989526811 / 0.235841706708039 1.37382905895545 1.2948294453008 1.0231187486258
174 564.379176425015 4880.17278004161 / 1.40167312648506 1.37382905895545 1.2948294453008 1.0231187486258
175 564.959294331935 4879.40048598833 / -1.31917324291468 1.37382905895545 1.2948294453008 1.0231187486258
176 528.262378932305 4870.42910944911 / -0.450078470175095 0.85568300385412 1.45059998594156 -0.975616806725314
177 528.974325754063 4871.03850140014 / 0.493390842251141 0.85568300385412 1.45059998594156 -0.975616806725314
178 530.512857225417 4869.86203003116 / -0.969156479499866 0.85568300385412 1.45059998594156 -0.975616806725314
179 540.094423618132 4870.98427664895 / 1.03396787573741 -1.04418586485077 -0.658580855349183 -0.975616806725314
180 540.928753909116 4871.30589519323 / 0.341772973423103 -1.04418586485077 -0.658580855349183 -0.975616806725314
181 542.332608394446 4871.04398251741 / 2.26568122987604 -1.04418586485077 -0.590957227185767 -0.975616806725314
182 551.966271620823 4870.86435483727 / 1.00473497289977 -0.957828189000544 -0.0413595397853499 -0.975616806725314
183 552.63717101723 4870.74593299177 / -0.524476186033502 -0.957828189000544 -0.0413595397853499 -0.975616806725314
184 553.997554324544 4870.56537695178 / 0.356947879198198 -0.957828189000544 0.258767926084649 -0.975616806725314
185 562.732625972779 4872.44074765466 / 0.166297752925993 -0.353324458048989 0.188666338721429 -0.975616806725314
186 564.632036567644 4872.68658596513 / -0.16838682701462 -0.353324458048989 0.188666338721429 -0.975616806725314
187 565.377066595784 4872.50323175695 / -0.703684064043497 -0.353324458048989 0.0666113607498621 -0.975616806725314
188 587.430583874116 4872.08683802036 / -0.818147443679008 1.89197511405678 1.81716932950992 1.0231187486258
189 588.304129525366 4871.82257202603 / -0.427397563723668 1.89197511405678 2.1309582452015 1.0231187486258
190 589.184373107252 4871.97465124882 / -0.625830492065944 1.89197511405678 2.1309582452015 1.0231187486258
191 528.796064238863 4858.26717834259 / 2.4121849278178 -1.13054354070099 -0.528466499275054 -0.975616806725314
192 529.54408203708 4858.08107461617 / 1.17038333144694 -1.13054354070099 -0.528466499275054 -0.975616806725314
193 530.720922230221 4858.75881008727 / 0.0530610911750807 -1.38961656825165 -0.528466499275054 -0.975616806725314
194 541.097669263286 4859.05219790838 / 1.49826267868262 -1.13054354070099 -0.499948747446229 1.0231187486258
195 542.149282779761 4858.78296217237 / -1.45050820039374 -1.13054354070099 -0.499948747446229 1.0231187486258
196 552.14542425941 4858.89292098321 / -0.502629101757374 -1.30325889240143 -0.0115454519447933 -0.975616806725314
197 553.230876235026 4858.82399518083 / -1.35760156600699 -1.38961656825165 -0.0115454519447933 -0.975616806725314
198 554.101420131838 4859.63226773413 / -0.464665537476682 -1.38961656825165 0.356044359358476 -0.975616806725314
199 563.934774273916 4859.99214443678 / 0.179663176160017 -1.47597424410188 0.785163942649093 1.0231187486258
200 565.043078683806 4859.09148241593 / -1.03942534725443 -1.47597424410188 0.206522668270217 1.0231187486258
201 566.21600755193 4858.87172179521 / -0.521409553043247 -1.47597424410188 0.206522668270217 1.0231187486258
202 575.780119654101 4860.83632024221 / 1.63340386469532 -1.04418586485077 0.156420670621383 -0.975616806725314
203 576.828491911844 4860.95727566239 / 1.07501096315406 -1.04418586485077 0.195400684042741 -0.975616806725314
204 577.749145893337 4860.46925326562 / 1.64949025111476 -1.04418586485077 0.195400684042741 -0.975616806725314
205 547.085952810792 4887.78540433545 / -1.67122489798962 0.769325328003898 0.0210223675122036 1.0231187486258
206 548.34555652494 4887.53140556607 / -0.707023602504018 0.769325328003898 0.105382826131506 1.0231187486258
207 549.161584829402 4886.29509167129 / -1.3392825439148 0.769325328003898 0.105382826131506 1.0231187486258
208 552.422776626717 4848.26985107853 / -0.323389037317841 -1.5623319199521 -0.269752682848058 1.0231187486258
209 553.729222727377 4847.20024192432 / -0.510104576602858 -1.5623319199521 -0.176280495507959 1.0231187486258
210 554.611807821528 4847.54595442929 / -0.484605377773209 -1.5623319199521 -0.176280495507959 1.0231187486258
211 564.249688264695 4848.5751020519 / 1.29523018206104 -1.47597424410188 -0.00616158466002081 -0.975616806725314
212 565.456779989007 4848.49956764962 / -0.456110769844978 -1.47597424410188 0.0667120413150679 -0.975616806725314
213 566.443425436053 4848.74026175299 / -0.473953525383146 -1.47597424410188 0.0667120413150679 -0.975616806725314
214 580.011052016516 4848.7601733824 / -0.977329372775349 1.28747138310523 1.18804421730353 1.0231187486258
215 580.818438310018 4848.85805822174 / -0.726092128143691 1.28747138310523 0.847831086707862 1.0231187486258
216 582.032179812205 4849.30934795582 / -0.0133473564310153 1.28747138310523 0.847831086707862 1.0231187486258
217 585.823437259633 4916.49395365309 / 0.974842553056711 -0.353324458048989 -0.557058561301178 1.0231187486258
218 586.898800919728 4915.28257580573 / 0.805781671555152 -0.353324458048989 -0.569657517247976 1.0231187486258
219 587.988683183845 4915.59299555776 / -0.131242717125714 -0.353324458048989 -0.54025095232115 1.0231187486258
220 568.616975926975 4841.18832488196 / 0.593296703964516 1.5465444106559 1.69364545335745 1.0231187486258
221 569.434535224273 4841.11754128018 / 1.76461532639848 1.5465444106559 1.65659882552174 1.0231187486258
222 570.506477017944 4840.53175459198 / -0.172179774670053 1.5465444106559 1.65659882552174 1.0231187486258
223 572.548204737973 4832.39026272191 / 0.358250062592757 -0.871470513150322 0.636422190801282 -0.975616806725314
224 573.395747981286 4833.39226951857 / -0.458886075523491 -0.871470513150322 0.476686857512767 -0.975616806725314
225 574.748573789638 4832.48353247801 / 0.139015380355154 -0.871470513150322 0.476686857512767 -0.975616806725314
226 516.450067325311 4905.25532625986 / -0.106487466742685 0.942040679704342 1.96057020655325 1.0231187486258
227 517.596266211884 4905.85278111118 / 0.618591760805992 0.942040679704342 1.96057020655325 1.0231187486258
228 539.127575170039 4905.79781295872 / -1.1434928619047 2.06469046575723 2.10279406746503 1.0231187486258
229 546.676239365258 4906.91766599765 / 1.08531404700012 0.85568300385412 1.60417650702386 1.0231187486258
230 548.794958617594 4906.02039886188 / -1.1393415961127 0.85568300385412 1.59140239807793 1.0231187486258
231 566.803554712247 4907.15880526523 / 0.225004183695161 -0.439682133899211 -0.572743194122184 -0.975616806725314
232 567.404683696204 4906.81113294164 / 0.292300585688035 -0.439682133899211 -0.572743194122184 -0.975616806725314
233 568.458234968681 4906.96954411663 / 0.928488719969005 -0.439682133899211 -0.572743194122184 -0.975616806725314
234 573.944052529151 4907.6263540474 / -0.171946784481688 -0.439682133899211 -0.724936134531054 1.0231187486258
235 574.798246024607 4908.27469152067 / -0.233915802829797 -0.439682133899211 -0.724936134531054 1.0231187486258
236 576.620280478759 4908.34367695479 / 0.730622685160549 -0.439682133899211 -0.671215308504547 1.0231187486258
237 523.36764516876 4901.75486201118 / -0.200956557492803 0.164821597052343 -0.954484925098052 1.0231187486258
238 524.313915892159 4902.57480681943 / -0.890256867744301 0.164821597052343 -0.981116267473085 1.0231187486258
239 525.335068094125 4901.28379977137 / -0.695765882179132 0.164821597052343 -0.954484925098052 1.0231187486258
240 543.2436787332 4899.10591675556 / -0.840770581990137 0.769325328003898 0.0673177033921027 -0.975616806725314
241 544.890260077624 4899.56232272312 / 0.161251701367351 0.769325328003898 0.0673177033921027 -0.975616806725314
242 505.003869674769 4893.96463653046 / 0.807136834029512 0.164821597052343 -1.03646699053139 -0.975616806725314
243 505.839352821619 4894.32928858268 / -0.862723989688273 0.164821597052343 -1.03646699053139 -0.975616806725314
244 515.725834465368 4893.8336851087 / 0.855091182238458 0.0784639212021213 -1.00054351327272 -0.975616806725314
245 516.939565277792 4893.62993454491 / -0.0423662429147046 0.0784639212021213 -1.00054351327272 -0.975616806725314
246 517.255362049384 4893.86803288709 / 1.32903582863293 0.0784639212021213 -1.00054351327272 -0.975616806725314
247 527.847728500519 4894.23913915799 / 0.456298138312419 0.0784639212021213 -0.93913075356205 -0.975616806725314
248 528.246756204529 4894.16118467237 / 0.483307761009522 0.337536948752788 -0.93913075356205 -0.975616806725314
249 530.385771846148 4894.20081844398 / 0.570489581050178 0.0784639212021213 -0.93913075356205 -0.975616806725314
250 535.486909334802 4895.49374518197 / -0.265780477422083 0.682967652153676 -0.951715837192722 1.0231187486258
251 536.038568335806 4894.93108633719 / 1.39426979035973 0.682967652153676 -0.951715837192722 1.0231187486258
252 537.77628371552 4894.43111943452 / 1.55344320462462 0.682967652153676 -0.951715837192722 1.0231187486258
253 551.398222683137 4896.02829228059 / 2.51645572170126 -0.266966782198767 -0.805171659519588 -0.975616806725314
254 552.455752150595 4895.6404686472 / 2.10311936175586 -0.266966782198767 -0.805171659519588 -0.975616806725314
255 553.384167073442 4894.27971693717 / 1.4975544920813 -0.266966782198767 -0.805171659519588 -0.975616806725314
256 561.94302530909 4896.19392569123 / 0.478453780855826 -0.180609106348545 -0.850737640227569 -0.975616806725314
257 564.125138842622 4895.31399711697 / 2.07810193716318 -0.180609106348545 -0.850737640227569 -0.975616806725314
258 565.094742719261 4895.40235813908 / -0.368921972396378 -0.180609106348545 -0.757895987352969 -0.975616806725314
259 574.873894143242 4895.52144838697 / -0.339691889525616 -0.266966782198767 -0.745412441787789 1.0231187486258
260 575.857649823912 4894.63775464092 / -0.386035982665258 -0.266966782198767 -0.745412441787789 1.0231187486258
261 576.829960287676 4896.26572451333 / 1.41217345017397 -0.266966782198767 -0.738408318021081 1.0231187486258
262 591.654806993772 4900.58080255473 / 0.903802477311479 1.46018673480567 1.71867376442334 1.0231187486258
263 592.391060251218 4900.55681283412 / 0.0530287865314686 1.46018673480567 1.70030962945148 1.0231187486258
264 519.982116706561 4885.90627400555 / -0.122705234204024 0.251179272902565 -0.916229925234499 1.0231187486258
265 521.009423071922 4886.28148484521 / 0.749306414193435 0.251179272902565 -0.916229925234499 1.0231187486258
266 521.868619849722 4885.96862319574 / -0.507691858440612 0.251179272902565 -0.916229925234499 1.0231187486258
267 528.401793580259 4882.38528250186 / -0.683246036092302 0.942040679704342 2.09266495450045 -0.975616806725314
268 528.802449354913 4882.10059586119 / -0.458874665626323 0.942040679704342 2.09266495450045 -0.975616806725314
269 529.934244557033 4881.68150922874 / -0.819231923202424 0.942040679704342 2.09266495450045 -0.975616806725314
270 535.563950325611 4882.92594658937 / 0.0374164599179902 0.337536948752788 -0.955529465072464 1.0231187486258
271 536.693570788719 4882.29403058409 / -0.261283205341503 0.337536948752788 -0.911907561799486 1.0231187486258
272 537.941899119625 4882.08754740458 / -0.757016746330967 0.337536948752788 -0.911907561799486 1.0231187486258
273 575.366423524333 4882.79694831587 / -0.868375320208942 -0.0942514304983229 -0.655821123854613 1.0231187486258
274 576.223424186198 4882.89748867856 / -0.920364774078325 -0.0942514304983229 -0.693605814884184 1.0231187486258
275 577.131944604433 4885.06456275081 / -1.09934619679076 -0.0942514304983229 -0.705984035510295 1.0231187486258
276 552.944932987506 4878.6050051385 / -0.822147070199873 2.49647884500834 -0.537908857551136 1.0231187486258
277 563.662246681657 4880.89295309575 / 0.235841706708039 1.37382905895545 1.2948294453008 1.0231187486258
278 564.748628250718 4879.82003325106 / 1.40167312648506 1.37382905895545 1.2948294453008 1.0231187486258
279 528.397689753053 4869.97887617152 / -0.450078470175095 0.85568300385412 1.45059998594156 -0.975616806725314
280 528.99835440265 4871.27884306741 / 0.493390842251141 0.85568300385412 1.45059998594156 -0.975616806725314
281 530.3143229962 4869.65816627092 / -0.969156479499866 0.85568300385412 1.45059998594156 -0.975616806725314
282 540.1214299332 4871.0704533452 / 1.03396787573741 -1.04418586485077 -0.658580855349183 -0.975616806725314
283 540.683442892467 4871.40479974136 / 0.341772973423103 -1.04418586485077 -0.658580855349183 -0.975616806725314
284 542.198168534358 4871.30709357942 / 2.26568122987604 -1.04418586485077 -0.590957227185767 -0.975616806725314
285 552.053658482035 4870.80021314572 / 1.00473497289977 -0.957828189000544 -0.0413595397853499 -0.975616806725314
286 553.163032105236 4870.86242385442 / -0.524476186033502 -0.957828189000544 -0.0413595397853499 -0.975616806725314
287 553.603170616043 4870.83377284076 / 0.356947879198198 -0.957828189000544 -0.0413595397853499 -0.975616806725314
288 562.986132155524 4872.66985307691 / 0.166297752925993 -0.353324458048989 0.188666338721429 -0.975616806725314
289 564.602541745617 4872.26214198189 / -0.16838682701462 -0.353324458048989 0.188666338721429 -0.975616806725314
290 565.317123348382 4872.06915993031 / -0.703684064043497 -0.353324458048989 0.0666113607498621 -0.975616806725314
291 587.318716208075 4872.07942670964 / -0.818147443679008 1.89197511405678 1.81716932950992 1.0231187486258
292 588.344430309375 4872.33205578869 / -0.427397563723668 1.89197511405678 2.1309582452015 1.0231187486258
293 589.238204136733 4871.97495419504 / -0.625830492065944 1.89197511405678 2.1309582452015 1.0231187486258
294 528.837464306558 4858.61308812689 / 2.4121849278178 -1.13054354070099 -0.528466499275054 -0.975616806725314
295 529.709756264673 4858.5898174437 / 1.17038333144694 -1.13054354070099 -0.528466499275054 -0.975616806725314
296 530.722094396145 4858.5054484439 / 0.0530610911750807 -1.38961656825165 -0.528466499275054 -0.975616806725314
297 541.13200985277 4859.34560979011 / 1.49826267868262 -1.13054354070099 -0.564081859919671 1.0231187486258
298 552.307828603084 4858.42896624551 / -0.502629101757374 -1.30325889240143 -0.0115454519447933 -0.975616806725314
299 554.121586408067 4859.11253930282 / -0.464665537476682 -1.38961656825165 0.36727303612827 -0.975616806725314
300 564.043622807271 4859.82624701839 / 0.179663176160017 -1.47597424410188 0.785163942649093 1.0231187486258
301 565.14670674411 4859.02470165099 / -1.03942534725443 -1.47597424410188 0.206522668270217 1.0231187486258
302 566.216517905758 4859.18952039676 / -0.521409553043247 -1.47597424410188 0.471543367957348 1.0231187486258
303 575.788523388555 4860.31563929984 / 1.63340386469532 -1.04418586485077 0.156420670621383 -0.975616806725314
304 576.76887896569 4861.44855051987 / 1.07501096315406 -1.04418586485077 0.195400684042741 -0.975616806725314
305 577.672947622806 4859.91029308449 / 1.64949025111476 -1.04418586485077 0.195400684042741 -0.975616806725314
306 548.489136616245 4887.42653032291 / -0.707023602504018 0.769325328003898 0.105382826131506 1.0231187486258
307 552.479764118492 4848.43935733448 / -0.323389037317841 -1.5623319199521 -0.269752682848058 1.0231187486258
308 553.537974926977 4846.93092307676 / -0.510104576602858 -1.5623319199521 -0.269752682848058 1.0231187486258
309 554.508663890866 4847.16970916315 / -0.484605377773209 -1.5623319199521 -0.176280495507959 1.0231187486258
310 564.186583488026 4848.05162880458 / 1.29523018206104 -1.47597424410188 -0.00616158466002081 -0.975616806725314
311 565.222294335046 4848.11973696224 / -0.456110769844978 -1.47597424410188 0.0667120413150679 -0.975616806725314
312 566.503256988795 4849.20398281937 / -0.473953525383146 -1.47597424410188 0.0667120413150679 -0.975616806725314
313 580.258457060006 4848.81272709215 / -0.977329372775349 1.28747138310523 1.18804421730353 1.0231187486258
314 580.779230860654 4849.35717074472 / -0.726092128143691 1.28747138310523 0.847831086707862 1.0231187486258
315 581.993608379326 4848.7520768733 / -0.0133473564310153 1.28747138310523 0.847831086707862 1.0231187486258
316 585.929269627001 4915.97958885064 / 0.974842553056711 -0.353324458048989 -0.569657517247976 1.0231187486258
317 587.082253316568 4915.79145926217 / 0.805781671555152 -0.353324458048989 -0.569657517247976 1.0231187486258
318 588.052379480432 4915.91721364954 / -0.131242717125714 -0.353324458048989 -0.54025095232115 1.0231187486258
319 569.006276266249 4840.92624284806 / 0.593296703964516 1.5465444106559 1.65659882552174 1.0231187486258
320 569.528071093435 4840.57530940728 / 1.76461532639848 1.5465444106559 1.65659882552174 1.0231187486258
321 570.699263616839 4841.07530489541 / -0.172179774670053 1.5465444106559 1.65659882552174 1.0231187486258
322 572.73440927246 4831.90501001845 / 0.358250062592757 -0.871470513150322 0.476686857512767 -0.975616806725314
323 573.835065724948 4833.45133695247 / -0.458886075523491 -0.871470513150322 0.476686857512767 -0.975616806725314
324 574.86312362279 4832.03651768756 / 0.139015380355154 -0.871470513150322 0.476686857512767 -0.975616806725314
325 516.376200807411 4904.61787319098 / -0.106487466742685 0.942040679704342 1.96057020655325 1.0231187486258
326 517.829921000741 4905.41359614545 / 0.618591760805992 0.942040679704342 1.96057020655325 1.0231187486258
327 546.444677001033 4907.050765009 / 1.08531404700012 0.85568300385412 1.60417650702386 1.0231187486258
328 566.630648523141 4907.64563461568 / 0.225004183695161 -0.439682133899211 -0.572743194122184 -0.975616806725314
329 567.676377496062 4906.78342861909 / 0.292300585688035 -0.439682133899211 -0.572743194122184 -0.975616806725314
330 568.677295706214 4907.37610885861 / 0.928488719969005 -0.439682133899211 -0.572743194122184 -0.975616806725314
331 573.918056022171 4907.12643616407 / -0.171946784481688 -0.439682133899211 -0.724936134531054 1.0231187486258
332 574.416437767418 4908.6237583877 / -0.233915802829797 -0.439682133899211 -0.724936134531054 1.0231187486258
333 576.758918949611 4907.8846604811 / 0.730622685160549 -0.439682133899211 -0.671215308504547 1.0231187486258
334 523.468689634082 4901.25523929162 / -0.200956557492803 0.164821597052343 -0.954484925098052 1.0231187486258
335 525.333237001001 4901.28464019097 / -0.695765882179132 0.164821597052343 -0.954484925098052 1.0231187486258
336 544.868928168529 4899.02997338658 / 0.161251701367351 0.769325328003898 0.0673177033921027 -0.975616806725314
337 505.128520613118 4893.59907460389 / 0.807136834029512 0.164821597052343 -1.03646699053139 -0.975616806725314
338 515.530905349361 4894.02685470667 / 0.855091182238458 0.0784639212021213 -1.00054351327272 -0.975616806725314
339 516.996680432051 4893.23349161809 / -0.0423662429147046 0.0784639212021213 -1.00054351327272 -0.975616806725314
340 517.105321483112 4893.89475760044 / 1.32903582863293 0.0784639212021213 -1.00054351327272 -0.975616806725314
341 527.609434487058 4894.07627406197 / 0.456298138312419 0.0784639212021213 -0.93913075356205 -0.975616806725314
342 528.13699395061 4893.88233478658 / 0.483307761009522 0.337536948752788 -0.93913075356205 -0.975616806725314
343 529.882814230421 4894.2044417381 / 0.570489581050178 0.0784639212021213 -0.93913075356205 -0.975616806725314
344 535.483549320506 4895.4399143815 / -0.265780477422083 0.682967652153676 -0.951715837192722 1.0231187486258
345 536.029998592166 4895.04840922621 / 1.39426979035973 0.682967652153676 -0.951715837192722 1.0231187486258
346 537.767002480519 4894.24293522833 / 1.55344320462462 0.682967652153676 -0.951715837192722 1.0231187486258
347 551.415553262503 4895.60469611481 / 2.51645572170126 -0.266966782198767 -0.805171659519588 -0.975616806725314
348 552.723403103227 4895.32905068604 / 2.10311936175586 -0.266966782198767 -0.805171659519588 -0.975616806725314
349 553.390149964578 4894.66917627419 / 1.4975544920813 -0.266966782198767 -0.805171659519588 -0.975616806725314
350 562.362287040968 4896.26611979148 / 0.478453780855826 -0.180609106348545 -0.850737640227569 -0.975616806725314
351 564.25645758425 4894.97670751207 / 2.07810193716318 -0.180609106348545 -0.850737640227569 -0.975616806725314
352 565.414514614984 4895.24493611551 / -0.368921972396378 -0.180609106348545 -0.757895987352969 -0.975616806725314
353 575.052351257922 4895.16201768593 / -0.339691889525616 -0.266966782198767 -0.745412441787789 1.0231187486258
354 575.714156515784 4894.97383835933 / -0.386035982665258 -0.266966782198767 -0.745412441787789 1.0231187486258
355 577.016998384469 4896.01408137539 / 1.41217345017397 -0.266966782198767 -0.738408318021081 1.0231187486258
356 591.599575948719 4900.04308384198 / 0.903802477311479 1.46018673480567 1.71867376442334 1.0231187486258
357 592.39898569814 4900.03819911511 / 0.0530287865314686 1.46018673480567 1.70030962945148 1.0231187486258
358 519.930607912003 4885.37818394248 / -0.122705234204024 0.251179272902565 -0.916229925234499 1.0231187486258
359 520.903652861844 4885.76041636799 / 0.749306414193435 0.251179272902565 -0.916229925234499 1.0231187486258
360 521.927682436567 4885.83069220429 / -0.507691858440612 0.251179272902565 -0.916229925234499 1.0231187486258
361 528.418864289769 4882.39171161075 / -0.683246036092302 0.942040679704342 2.09266495450045 -0.975616806725314
362 529.117366686257 4881.87783985477 / -0.458874665626323 0.942040679704342 2.09266495450045 -0.975616806725314
363 535.653655024712 4883.50140584022 / 0.0374164599179902 0.337536948752788 -0.955529465072464 1.0231187486258
364 536.805557861567 4881.92645077063 / -0.261283205341503 0.337536948752788 -0.911907561799486 1.0231187486258
365 553.343773206428 4880.14379113487 / 0.066743259095448 2.49647884500834 -0.537908857551136 1.0231187486258
366 563.452058411111 4881.21296707327 / 0.235841706708039 1.37382905895545 1.2948294453008 1.0231187486258
367 564.893648971811 4879.48840087063 / 1.40167312648506 1.37382905895545 1.2948294453008 1.0231187486258
368 528.555846089275 4869.76813143702 / -0.450078470175095 0.85568300385412 1.45059998594156 -0.975616806725314
369 529.119339970723 4871.72764740561 / 0.493390842251141 0.85568300385412 1.45059998594156 -0.975616806725314
370 540.222816206725 4870.6952418851 / 1.03396787573741 -1.04418586485077 -0.658580855349183 -0.975616806725314
371 540.95523167942 4870.88362428443 / 0.341772973423103 -1.04418586485077 -0.658580855349183 -0.975616806725314
372 542.419675512688 4871.10936769994 / 2.26568122987604 -1.04418586485077 -0.590957227185767 -0.975616806725314
373 551.632132338805 4871.03122490381 / 1.00473497289977 -0.957828189000544 -0.0413595397853499 -0.975616806725314
374 553.296063129457 4870.98128833006 / -0.524476186033502 -0.957828189000544 -0.0413595397853499 -0.975616806725314
375 554.006752955057 4870.86205514572 / 0.356947879198198 -0.957828189000544 0.258767926084649 -0.975616806725314
376 563.461544895902 4872.97524783574 / 0.166297752925993 -0.353324458048989 0.188666338721429 -0.975616806725314
377 564.799241635037 4871.8538936251 / -0.16838682701462 -0.353324458048989 0.188666338721429 -0.975616806725314
378 588.105618598028 4872.2102138526 / -0.427397563723668 1.89197511405678 2.1309582452015 1.0231187486258
379 589.128907551631 4872.00399182551 / -0.625830492065944 1.89197511405678 2.1309582452015 1.0231187486258
380 528.895709273507 4858.89170579046 / 2.4121849278178 -1.13054354070099 -0.528466499275054 -0.975616806725314
381 529.674539497378 4859.0654633497 / 1.17038333144694 -1.13054354070099 -0.528466499275054 -0.975616806725314
382 530.577857207518 4858.14888353181 / 0.0530610911750807 -1.38961656825165 -0.528466499275054 -0.975616806725314
383 541.14856396476 4859.44443474711 / 1.49826267868262 -1.13054354070099 -0.564081859919671 1.0231187486258
384 552.325670445058 4858.26513147278 / -0.502629101757374 -1.30325889240143 -0.0115454519447933 -0.975616806725314
385 554.190934711621 4858.87709771253 / -0.464665537476682 -1.38961656825165 0.36727303612827 -0.975616806725314
386 563.964701342317 4859.3030363335 / 0.179663176160017 -1.47597424410188 0.785163942649093 1.0231187486258
387 566.010624839697 4859.12221690618 / -0.521409553043247 -1.47597424410188 0.206522668270217 1.0231187486258
388 575.738257329663 4859.77945875104 / 1.63340386469532 -1.04418586485077 0.156420670621383 -0.975616806725314
389 576.634509461041 4860.87960733679 / 1.07501096315406 -1.04418586485077 0.195400684042741 -0.975616806725314
390 577.901651065272 4859.58965702072 / 1.64949025111476 -1.04418586485077 0.195400684042741 -0.975616806725314
391 552.540630731242 4848.66143241488 / -0.323389037317841 -1.5623319199521 -0.269752682848058 1.0231187486258
392 553.561075352072 4846.80654047158 / -0.510104576602858 -1.5623319199521 -0.269752682848058 1.0231187486258
393 554.638730984747 4846.95849939632 / -0.484605377773209 -1.5623319199521 -0.176280495507959 1.0231187486258
394 564.261479091636 4847.79812157111 / 1.29523018206104 -1.47597424410188 -0.00616158466002081 -0.975616806725314
395 565.243672209629 4848.19409642209 / -0.456110769844978 -1.47597424410188 0.0667120413150679 -0.975616806725314
396 566.54787489588 4849.22307247931 / -0.473953525383146 -1.47597424410188 0.0667120413150679 -0.975616806725314
397 581.95829655415 4848.2791706967 / -0.0133473564310153 1.28747138310523 0.847831086707862 1.0231187486258
398 585.891529778516 4915.52266521684 / 0.974842553056711 -0.353324458048989 -0.569657517247976 1.0231187486258
399 587.113764368824 4916.38985621669 / 0.805781671555152 -0.353324458048989 -0.557058561301178 1.0231187486258
400 587.959902795208 4915.38367577083 / -0.131242717125714 -0.353324458048989 -0.54025095232115 1.0231187486258
401 568.718643587428 4841.40249946445 / 0.593296703964516 1.5465444106559 1.69364545335745 1.0231187486258
402 569.614106376325 4840.10545601667 / 1.76461532639848 1.5465444106559 1.9709661170124 1.0231187486258
403 570.61906561452 4841.56808972547 / -0.172179774670053 1.5465444106559 1.65659882552174 1.0231187486258
404 572.917252410063 4832.35317176908 / 0.358250062592757 -0.871470513150322 0.476686857512767 -0.975616806725314
405 573.663495322651 4833.27360355192 / -0.458886075523491 -0.871470513150322 0.476686857512767 -0.975616806725314
406 575.415009029332 4832.21728223858 / 0.139015380355154 -0.871470513150322 0.476686857512767 -0.975616806725314
407 516.378021322991 4904.62042023607 / -0.106487466742685 0.942040679704342 1.96057020655325 1.0231187486258
408 517.5792000053 4905.18368780349 / 0.618591760805992 0.942040679704342 1.96057020655325 1.0231187486258
409 546.607410363628 4906.58539014226 / 1.08531404700012 0.85568300385412 1.60417650702386 1.0231187486258
410 566.877215143679 4908.04818114077 / 0.225004183695161 -0.439682133899211 -0.572743194122184 -0.975616806725314
411 567.779071646289 4906.38700486292 / 0.292300585688035 -0.439682133899211 -0.686869699879211 -0.975616806725314
412 568.654852098208 4907.89116720064 / 0.928488719969005 -0.439682133899211 -0.572743194122184 -0.975616806725314
413 573.919506080487 4907.10611114123 / -0.171946784481688 -0.439682133899211 -0.724936134531054 1.0231187486258
414 576.688886374907 4907.31894886874 / 0.730622685160549 -0.439682133899211 -0.671215308504547 1.0231187486258
415 544.974893786007 4898.85697020486 / 0.161251701367351 0.769325328003898 0.0673177033921027 -0.975616806725314
416 504.917774052638 4894.14210303949 / 0.807136834029512 0.164821597052343 -1.03646699053139 -0.975616806725314
417 515.827187349324 4894.5309266472 / 0.855091182238458 0.0784639212021213 -1.00054351327272 -0.975616806725314
418 516.838224098896 4893.20850876903 / -0.0423662429147046 0.0784639212021213 -1.00054351327272 -0.975616806725314
419 517.439207806633 4893.50921362245 / 1.32903582863293 0.0784639212021213 -1.00054351327272 -0.975616806725314
420 527.514472733376 4893.60725018535 / 0.456298138312419 0.0784639212021213 -0.93913075356205 -0.975616806725314
421 528.352818336157 4893.3163348759 / 0.483307761009522 0.337536948752788 -0.93913075356205 -0.975616806725314
422 529.508653770157 4893.76420630146 / 0.570489581050178 0.0784639212021213 -0.93913075356205 -0.975616806725314
423 536.033686858062 4894.48700183691 / 1.39426979035973 0.682967652153676 -0.951715837192722 1.0231187486258
424 537.679896231401 4894.76233825613 / 1.55344320462462 0.682967652153676 -0.951715837192722 1.0231187486258
425 550.976183521867 4895.27711346355 / 2.51645572170126 -0.266966782198767 -0.805171659519588 -0.975616806725314
426 552.643028904097 4895.31781201208 / 2.10311936175586 -0.266966782198767 -0.805171659519588 -0.975616806725314
427 552.976807978241 4895.04845953598 / 1.4975544920813 -0.266966782198767 -0.805171659519588 -0.975616806725314
428 562.853427252183 4896.53310456466 / 0.478453780855826 -0.180609106348545 -0.850737640227569 -0.975616806725314
429 564.281565476221 4894.7782162537 / 2.07810193716318 -0.180609106348545 -0.850737640227569 -0.975616806725314
430 577.241504751934 4896.3608176336 / 1.41217345017397 -0.266966782198767 -0.738408318021081 1.0231187486258
431 591.745063318711 4899.57301261602 / 0.903802477311479 1.46018673480567 1.70030962945148 1.0231187486258
432 592.340548481122 4899.77504636372 / 0.0530287865314686 1.46018673480567 1.70030962945148 1.0231187486258
433 519.958423852689 4885.26598741749 / -0.122705234204024 0.251179272902565 -0.916229925234499 1.0231187486258
434 521.246688331277 4885.38653626679 / 0.749306414193435 0.251179272902565 -0.916229925234499 1.0231187486258
435 535.751262232072 4883.74429763423 / 0.0374164599179902 0.337536948752788 -0.955529465072464 1.0231187486258
436 553.460746325007 4880.41083708711 / 0.066743259095448 2.49647884500834 -0.537908857551136 1.0231187486258
437 563.265064362068 4881.66456884435 / 0.235841706708039 1.37382905895545 1.2948294453008 1.0231187486258
438 564.599300150283 4879.96899620842 / 1.40167312648506 1.37382905895545 1.2948294453008 1.0231187486258
439 529.154354306338 4872.11124875714 / 0.493390842251141 0.85568300385412 1.45059998594156 -0.975616806725314
440 539.764364415659 4870.42257045717 / 1.03396787573741 -1.04418586485077 -0.658580855349183 -0.975616806725314
441 541.435609836449 4870.76797755322 / 0.341772973423103 -1.04418586485077 -0.658580855349183 -0.975616806725314
442 542.32541137353 4870.73505321901 / 2.26568122987604 -1.04418586485077 -0.590957227185767 -0.975616806725314
443 551.532030192218 4871.00120723762 / 1.00473497289977 -0.957828189000544 -0.0413595397853499 -0.975616806725314
444 553.583591457366 4870.90945966224 / 0.356947879198198 -0.957828189000544 -0.0413595397853499 -0.975616806725314
445 563.326979846264 4872.91124581746 / 0.166297752925993 -0.353324458048989 0.188666338721429 -0.975616806725314
446 528.967829505967 4859.07844277361 / 2.4121849278178 -1.13054354070099 -0.528466499275054 -0.975616806725314
447 529.533197106711 4858.59919811125 / 1.17038333144694 -1.13054354070099 -0.528466499275054 -0.975616806725314
448 530.656497728411 4857.97638010401 / 0.0530610911750807 -1.38961656825165 -0.528466499275054 -0.975616806725314
449 541.077871719959 4859.08258186903 / 1.49826267868262 -1.13054354070099 -0.499948747446229 1.0231187486258
450 564.169442616724 4858.98298292161 / 0.179663176160017 -1.47597424410188 0.339600792219634 1.0231187486258
451 575.340906409912 4860.119013543 / 1.63340386469532 -1.04418586485077 0.156420670621383 -0.975616806725314
452 576.717319000584 4860.34283671534 / 1.07501096315406 -1.04418586485077 0.195400684042741 -0.975616806725314
453 577.935282976437 4860.11845896711 / 1.64949025111476 -1.04418586485077 0.195400684042741 -0.975616806725314
454 564.274516344363 4847.65545573489 / 1.29523018206104 -1.47597424410188 -0.00616158466002081 -0.975616806725314
455 581.872665687985 4848.15226739728 / -0.0133473564310153 1.28747138310523 0.847831086707862 1.0231187486258
456 585.911740260219 4916.11115792344 / 0.974842553056711 -0.353324458048989 -0.557058561301178 1.0231187486258
457 586.831267956329 4916.20046679165 / 0.805781671555152 -0.353324458048989 -0.557058561301178 1.0231187486258
458 587.963509145607 4915.29642182489 / -0.131242717125714 -0.353324458048989 -0.54025095232115 1.0231187486258
459 568.716718457126 4841.88848282388 / 0.593296703964516 1.5465444106559 1.69364545335745 1.0231187486258
460 569.678957615906 4840.66543868469 / 1.76461532639848 1.5465444106559 1.65659882552174 1.0231187486258
461 570.572757997323 4841.58836228151 / -0.172179774670053 1.5465444106559 1.65659882552174 1.0231187486258
462 573.114137824575 4832.80869482644 / 0.358250062592757 -0.871470513150322 0.476686857512767 -0.975616806725314
463 575.698910367932 4832.09294645409 / 0.139015380355154 -0.871470513150322 0.476686857512767 -0.975616806725314
464 517.408918273048 4904.90654618651 / 0.618591760805992 0.942040679704342 1.96057020655325 1.0231187486258
465 546.957265515844 4906.16712344972 / 1.08531404700012 0.85568300385412 1.59140239807793 1.0231187486258
466 568.337573738249 4908.32558899938 / 0.928488719969005 -0.439682133899211 -0.572743194122184 -0.975616806725314
467 576.750204465031 4906.81198759891 / 0.730622685160549 -0.439682133899211 -0.671215308504547 1.0231187486258
468 504.887480912479 4894.71323617825 / 0.807136834029512 0.164821597052343 -1.03646699053139 -0.975616806725314
469 515.954495109638 4895.0718868098 / 0.855091182238458 0.0784639212021213 -1.00054351327272 -0.975616806725314
470 518.035097263046 4893.42481054774 / 1.32903582863293 0.0784639212021213 -1.00054351327272 -0.975616806725314
471 527.415654435321 4893.47294329588 / 0.456298138312419 0.0784639212021213 -0.93913075356205 -0.975616806725314
472 528.529705172946 4893.3014238449 / 0.483307761009522 0.337536948752788 -0.93913075356205 -0.975616806725314
473 529.517111766687 4893.50916859987 / 0.570489581050178 0.0784639212021213 -0.93913075356205 -0.975616806725314
474 536.259498093897 4894.10986500896 / 1.39426979035973 0.682967652153676 -0.951715837192722 1.0231187486258
475 537.778362816177 4895.34170593524 / 1.55344320462462 0.682967652153676 -0.951715837192722 1.0231187486258
476 551.205778913958 4894.83525387762 / 2.51645572170126 -0.266966782198767 -0.805171659519588 -0.975616806725314
477 552.387218788714 4895.59754791774 / 2.10311936175586 -0.266966782198767 -0.805171659519588 -0.975616806725314
478 552.869672012891 4895.18107204864 / 1.4975544920813 -0.266966782198767 -0.805171659519588 -0.975616806725314
479 562.778908132312 4896.67773608164 / 0.478453780855826 -0.180609106348545 -0.850737640227569 -0.975616806725314
480 564.259683718266 4895.26997210996 / 2.07810193716318 -0.180609106348545 -0.850737640227569 -0.975616806725314
481 577.021684151884 4896.91294439609 / 1.41217345017397 -0.266966782198767 -0.738408318021081 1.0231187486258
482 591.492840202079 4899.2219778281 / 0.903802477311479 1.46018673480567 1.71867376442334 1.0231187486258
483 520.97141563932 4885.18354735211 / 0.749306414193435 0.251179272902565 -0.916229925234499 1.0231187486258
484 564.241889820048 4880.46678688698 / 1.40167312648506 1.37382905895545 1.2948294453008 1.0231187486258
485 529.366688374405 4872.09269778198 / 0.493390842251141 0.85568300385412 1.45059998594156 -0.975616806725314
486 539.999959791528 4870.31594565694 / 1.03396787573741 -1.04418586485077 -0.658580855349183 -0.975616806725314
487 541.485153471632 4870.7704073216 / 0.341772973423103 -1.04418586485077 -0.658580855349183 -0.975616806725314
488 542.060942615034 4870.47151587543 / 2.26568122987604 -1.04418586485077 -0.658580855349183 -0.975616806725314
489 551.620839375021 4871.30273874844 / 1.00473497289977 -0.957828189000544 -0.0413595397853499 -0.975616806725314
490 553.52411816895 4870.92550393367 / 0.356947879198198 -0.957828189000544 -0.0413595397853499 -0.975616806725314
491 529.022365392733 4858.65965244279 / 2.4121849278178 -1.13054354070099 -0.528466499275054 -0.975616806725314
492 529.570004604343 4858.17948597576 / 1.17038333144694 -1.13054354070099 -0.528466499275054 -0.975616806725314
493 541.295180187079 4858.53396921618 / 1.49826267868262 -1.13054354070099 -0.499948747446229 1.0231187486258
494 574.933924564318 4860.50127968282 / 1.63340386469532 -1.04418586485077 0.156420670621383 -0.975616806725314
495 576.674696356289 4859.78851497811 / 1.07501096315406 -1.04418586485077 0.195400684042741 -0.975616806725314
496 577.956797401312 4860.68737422 / 1.64949025111476 -1.04418586485077 0.195400684042741 -0.975616806725314
497 564.295865915921 4848.30691181267 / 1.29523018206104 -1.47597424410188 -0.00616158466002081 -0.975616806725314
498 585.812742663502 4916.47558996544 / 0.974842553056711 -0.353324458048989 -0.557058561301178 1.0231187486258
499 586.83108945841 4915.62028773488 / 0.805781671555152 -0.353324458048989 -0.569657517247976 1.0231187486258
500 568.634716072874 4842.21305396359 / 0.593296703964516 1.5465444106559 1.69364545335745 1.0231187486258
501 569.767525345298 4841.24812765186 / 1.76461532639848 1.5465444106559 1.65659882552174 1.0231187486258
502 573.105297548717 4832.82936038618 / 0.358250062592757 -0.871470513150322 0.476686857512767 -0.975616806725314
503 546.857879955949 4905.9388642362 / 1.08531404700012 0.85568300385412 1.59140239807793 1.0231187486258
504 568.453222942261 4908.37849858491 / 0.928488719969005 -0.439682133899211 -0.572743194122184 -0.975616806725314
505 515.930609858614 4895.12013092434 / 0.855091182238458 0.0784639212021213 -1.00054351327272 -0.975616806725314
506 517.933523415836 4893.11310761778 / 1.32903582863293 0.0784639212021213 -1.00054351327272 -0.975616806725314
507 536.382710468146 4893.54827185685 / 1.39426979035973 0.682967652153676 -0.951715837192722 1.0231187486258
508 537.421634877153 4895.47440514583 / 1.55344320462462 0.682967652153676 -0.951715837192722 1.0231187486258
509 551.174419784429 4895.10450203134 / 2.51645572170126 -0.266966782198767 -0.805171659519588 -0.975616806725314
510 552.153920068428 4895.88425267789 / 2.10311936175586 -0.266966782198767 -0.805171659519588 -0.975616806725314
511 552.876135897504 4895.28621067059 / 1.4975544920813 -0.266966782198767 -0.805171659519588 -0.975616806725314
512 563.696845621704 4895.41364629667 / 2.07810193716318 -0.180609106348545 -0.850737640227569 -0.975616806725314
513 576.752800508702 4897.39034499328 / 1.41217345017397 -0.266966782198767 -0.843374496413719 1.0231187486258
514 591.384273290183 4899.18571224921 / 0.903802477311479 1.46018673480567 1.71867376442334 1.0231187486258
515 564.019601823963 4880.70827405699 / 1.40167312648506 1.37382905895545 1.2948294453008 1.0231187486258
516 540.060753489967 4870.07819128758 / 1.03396787573741 -1.04418586485077 -0.658580855349183 -0.975616806725314
517 541.752750680764 4870.53989899407 / 2.26568122987604 -1.04418586485077 -0.658580855349183 -0.975616806725314
518 551.775346959155 4871.41538326947 / 1.00473497289977 -0.957828189000544 -0.0413595397853499 -0.975616806725314
519 528.752971367927 4858.30936057759 / 2.4121849278178 -1.13054354070099 -0.528466499275054 -0.975616806725314
520 529.342703435285 4857.87681041318 / 1.17038333144694 -1.13054354070099 -0.528466499275054 -0.975616806725314
521 541.31191304213 4858.01250141717 / 1.49826267868262 -1.13054354070099 -0.499948747446229 1.0231187486258
522 575.115256452866 4861.04910516925 / 1.63340386469532 -1.04418586485077 0.156420670621383 -0.975616806725314
523 576.877073292396 4859.83153462193 / 1.07501096315406 -1.04418586485077 0.195400684042741 -0.975616806725314
524 577.937504560808 4861.28632155137 / 1.64949025111476 -1.04418586485077 0.195400684042741 -0.975616806725314
525 564.096764426485 4848.07025543545 / 1.29523018206104 -1.47597424410188 -0.00616158466002081 -0.975616806725314
526 586.009476451213 4916.34934785483 / 0.974842553056711 -0.353324458048989 -0.557058561301178 1.0231187486258
527 569.729655053789 4841.81424285682 / 1.76461532639848 1.5465444106559 1.65659882552174 1.0231187486258
528 517.932312261514 4893.10886690011 / 1.32903582863293 0.0784639212021213 -1.00054351327272 -0.975616806725314
529 536.386166832522 4893.47541241188 / 1.39426979035973 0.682967652153676 -0.951715837192722 1.0231187486258
530 537.336643195452 4895.73620409507 / 1.55344320462462 0.682967652153676 -0.951715837192722 1.0231187486258
531 551.37748389684 4895.56287227284 / 2.51645572170126 -0.266966782198767 -0.805171659519588 -0.975616806725314
532 551.845374018203 4896.21020141372 / 2.10311936175586 -0.266966782198767 -0.805171659519588 -0.975616806725314
533 552.671037012178 4895.32227435325 / 1.4975544920813 -0.266966782198767 -0.805171659519588 -0.975616806725314
534 563.8847493701 4895.39767463298 / 2.07810193716318 -0.180609106348545 -0.850737640227569 -0.975616806725314
535 576.798409605153 4897.5031763854 / 1.41217345017397 -0.266966782198767 -0.843374496413719 1.0231187486258
536 563.968082970188 4880.72853722222 / 1.40167312648506 1.37382905895545 1.2948294453008 1.0231187486258
537 541.659418523285 4870.59227424378 / 2.26568122987604 -1.04418586485077 -0.658580855349183 -0.975616806725314
538 528.68887095571 4857.82311186297 / 2.4121849278178 -1.13054354070099 -0.528466499275054 -0.975616806725314
539 541.401627564811 4858.07576786499 / 1.49826267868262 -1.13054354070099 -0.499948747446229 1.0231187486258
540 575.197536459235 4861.41275782802 / 1.63340386469532 -1.04418586485077 0.156420670621383 -0.975616806725314
541 577.644102048752 4861.48500709126 / 1.64949025111476 -1.04418586485077 0.195400684042741 -0.975616806725314
542 569.568738437839 4842.21763834522 / 1.76461532639848 1.5465444106559 1.65659882552174 1.0231187486258
543 551.577511816221 4896.09283507386 / 2.51645572170126 -0.266966782198767 -0.805171659519588 -0.975616806725314
544 551.652685138656 4896.14469818654 / 2.10311936175586 -0.266966782198767 -0.805171659519588 -0.975616806725314
545 564.210746252469 4895.41187254117 / 2.07810193716318 -0.180609106348545 -0.850737640227569 -0.975616806725314
546 541.961435147373 4870.43614061773 / 2.26568122987604 -1.04418586485077 -0.658580855349183 -0.975616806725314
547 528.924868611389 4857.40341178761 / 2.4121849278178 -1.13054354070099 -0.528466499275054 -0.975616806725314
