# V1 V2 V3 V4 V5 V6 V7 V8
548 505.6355552 4906.084409 / 0.428372172780037 1.27638233135447 -0.983301873955971 0.0813889450822723
549 515.6004986 4906.521777 / -0.413778622079193 -1.30502159530846 -1.21185083367413 0.0813889450822723
550 516.4372125 4905.752302 / -0.299534774288998 -1.30502159530846 -1.21185083367413 0.0813889450822723
551 517.6233975 4905.356632 / -0.0368925854297788 -1.30502159530846 -1.21185083367413 0.0813889450822723
552 538.9851894 4905.715396 / -0.382956164136697 1.18736840284886 -0.757087181185215 0.0813889450822723
553 539.9421312 4905.706284 / -0.447176608891741 1.18736840284886 -0.757087181185215 0.0813889450822723
554 540.8495873 4905.715552 / -0.213339515551116 1.18736840284886 -0.757087181185215 0.0813889450822723
555 546.8470636 4906.435663 / 0.227944671718748 -1.30502159530846 -1.27341543680891 0.0813889450822723
556 547.8752504 4906.294371 / 0.339805461633032 -1.30502159530846 -1.27341543680891 0.0813889450822723
557 548.9382474 4906.357665 / 1.34426476099163 -1.30502159530846 -1.27341543680891 0.0813889450822723
558 566.1414067 4906.59563 / -0.430888842709624 -0.859951952780364 -0.164816783312298 0.0813889450822723
559 567.6705657 4906.565725 / -0.665132594232998 -0.859951952780364 -0.164816783312298 0.0813889450822723
560 568.3447638 4906.953094 / -0.291797156278166 -0.859951952780364 -0.164816783312298 0.0813889450822723
561 573.9171166 4908.715017 / -0.175919987711562 0.0301873322758182 1.89525965200809 0.0813889450822723
562 574.4099586 4908.634626 / 0.472869428539335 0.0301873322758182 1.89525965200809 0.0813889450822723
563 576.7329253 4907.557247 / -0.926785833149764 1.18736840284886 -0.503217318112249 0.0813889450822723
564 523.1620803 4901.416188 / -0.788804140870348 -0.147840524735418 1.76692255823263 0.0813889450822723
565 524.329155 4902.42742 / -1.89060828148483 -0.147840524735418 1.52232682752807 0.0813889450822723
566 525.0831137 4901.89444 / -0.91580246273177 -0.147840524735418 1.52232682752807 0.0813889450822723
567 543.0919408 4899.176661 / -0.356141759398341 0.0301873322758182 1.5778203378533 0.0813889450822723
568 544.2107098 4898.261388 / -0.594910549735323 0.0301873322758182 1.5778203378533 0.0813889450822723
569 544.8283246 4899.151426 / 0.291934750835 0.0301873322758182 1.5778203378533 0.0813889450822723
570 590.8215244 4898.856348 / -2.02726870458802 1.63243804537695 -0.878508267374497 0.0813889450822723
571 591.3142795 4898.939624 / -1.39108139868762 1.63243804537695 -0.878508267374497 0.0813889450822723
572 592.4370906 4899.624372 / -0.0358377185560917 1.63243804537695 -0.889999238444134 0.0813889450822723
573 503.5338838 4892.683685 / -0.991128841602746 1.18736840284886 -0.422673829436029 0.0813889450822723
574 504.9713345 4894.077454 / 1.40305214105322 -1.0379798097916 -0.464482364640654 -1.88908025164642
575 505.8334141 4894.268651 / 0.758549090887782 -1.0379798097916 -0.464482364640654 -1.88908025164642
576 515.7466197 4894.423004 / 1.33506448303886 -0.681924095769128 0.265417195175643 0.0813889450822723
577 516.9129174 4893.560761 / -1.7225719594903 -0.681924095769128 0.265417195175643 0.0813889450822723
578 517.7626919 4893.267107 / -0.565744940021289 -0.681924095769128 0.265417195175643 0.0813889450822723
579 527.4781561 4893.795509 / 0.286217541246148 -0.592910167263509 1.0150794099527 0.0813889450822723
580 528.1908982 4893.529176 / -1.27691812413972 -0.592910167263509 1.0150794099527 0.0813889450822723
581 529.2538831 4893.929136 / 0.92419555381005 -0.592910167263509 1.0150794099527 0.0813889450822723
582 535.6222273 4895.155316 / -0.393785174140739 -0.592910167263509 0.503047518381415 0.0813889450822723
583 536.2674842 4894.123739 / 0.244482741889467 -0.592910167263509 0.503047518381415 0.0813889450822723
584 537.6718341 4895.57685 / -0.308097298671543 -0.592910167263509 0.503047518381415 0.0813889450822723
585 551.5159617 4896.087341 / 2.67393602372072 -0.0588265962298 1.94303539916324 0.0813889450822723
586 552.1109619 4896.027279 / 1.65561825268228 -0.0588265962298 1.94303539916324 0.0813889450822723
587 552.7061908 4895.333343 / 2.56415010254842 -0.0588265962298 1.94303539916324 0.0813889450822723
588 562.8562866 4896.241254 / -1.06092538531329 -0.147840524735418 1.26730296268708 0.0813889450822723
589 564.3163478 4895.034488 / -0.40147631741465 -0.147840524735418 1.26730296268708 0.0813889450822723
590 564.6569654 4895.563367 / -0.580817562825847 -0.147840524735418 1.26730296268708 0.0813889450822723
591 574.6978534 4895.275595 / -0.0646512750327714 -0.0588265962298 1.46917566971112 0.0813889450822723
592 575.5321777 4895.439886 / -0.413274792943522 -0.0588265962298 1.46917566971112 0.0813889450822723
593 576.3017295 4896.835379 / 0.392232940914352 -0.0588265962298 1.46917566971112 0.0813889450822723
594 520.0362522 4886.165152 / -0.624841489738354 -1.48304945231969 -1.34134104681086 -1.88908025164642
595 520.8217082 4885.634447 / 1.76652046530127 -1.48304945231969 -1.34134104681086 0.0813889450822723
596 521.791908 4886.305682 / 2.67655555405676 -1.48304945231969 -1.34134104681086 2.05185814181097
597 528.1661162 4883.014033 / 0.156333646298893 -1.39403552381407 -1.34134104681086 0.0813889450822723
598 529.5778625 4883.500271 / -0.685984536289677 -1.39403552381407 -1.34134104681086 0.0813889450822723
599 530.3156523 4881.772677 / 1.28601654559696 -1.39403552381407 -1.34134104681086 0.0813889450822723
600 535.6478902 4883.719252 / 1.8880334346319 -1.39403552381407 -1.34134104681086 0.0813889450822723
601 536.486463 4882.277891 / 0.132091114481462 -1.39403552381407 -1.34134104681086 0.0813889450822723
602 537.8902814 4881.994022 / 1.98753118285308 -1.39403552381407 -1.34134104681086 0.0813889450822723
603 575.3235766 4882.929339 / -1.14889221626849 1.27638233135447 -0.68177722227978 2.05185814181097
604 576.355205 4882.982534 / -1.65822362916495 1.27638233135447 -0.68177722227978 2.05185814181097
605 577.3330574 4884.805966 / 1.02894753823769 1.27638233135447 -0.697217615712542 2.05185814181097
606 552.405145 4878.361931 / -0.698879701048971 1.8994798308938 -0.869471484259301 0.0813889450822723
607 553.3022078 4879.702145 / -0.482941229780046 1.8994798308938 -0.869471484259301 -1.88908025164642
608 512.5274045 4874.275232 / 1.22978373725573 -0.770938024274746 -0.144245876692793 0.0813889450822723
609 513.2268616 4873.700705 / 2.6654875601454 -0.770938024274746 -0.144245876692793 0.0813889450822723
610 514.3961417 4875.348744 / -0.479981013337413 -0.770938024274746 -0.144245876692793 0.0813889450822723
611 528.3865326 4871.634879 / 0.742026513495488 -1.12699373829722 -0.658430462844145 2.05185814181097
612 529.6123607 4872.143846 / 1.18009509232594 -1.12699373829722 -0.658430462844145 2.05185814181097
613 530.3494278 4872.049224 / -0.186270936387097 -1.12699373829722 -0.658430462844145 2.05185814181097
614 539.8942927 4870.51126 / -1.00786842941178 -1.21600766680284 -1.04493781418234 0.0813889450822723
615 540.8373877 4871.082926 / -0.618387446059826 -1.21600766680284 -1.04493781418234 0.0813889450822723
616 542.3255245 4870.970546 / 0.439207865614813 -1.21600766680284 -1.07081884324697 0.0813889450822723
617 563.5356239 4872.998612 / -0.340555169715643 1.00934054583762 0.0467509782164728 0.0813889450822723
618 564.8123893 4871.613633 / 0.111910744819773 0.475256974803909 1.16347608414691 0.0813889450822723
619 566.0696075 4870.448413 / 0.19643005908431 0.475256974803909 0.776069494775581 0.0813889450822723
620 577.6680121 4873.638539 / 0.245204266285095 1.81046590238818 -0.886421530152893 0.0813889450822723
621 587.2940455 4871.656215 / -1.33535411220894 1.72145197388256 -0.881966259221156 0.0813889450822723
622 588.4047017 4871.765171 / -0.687550012537931 1.72145197388256 -0.839149299134121 0.0813889450822723
623 589.0839303 4872.262631 / -0.774428064711606 1.72145197388256 -0.839149299134121 0.0813889450822723
624 529.0834032 4858.973725 / -0.177072703477991 0.119201260781436 0.670682132306561 0.0813889450822723
625 529.5950755 4858.407541 / -0.433561807324287 0.119201260781436 0.670682132306561 0.0813889450822723
626 531.0856144 4858.339935 / -0.409896134355332 0.119201260781436 0.73076666836162 0.0813889450822723
627 540.1470272 4859.813557 / -1.17521148206529 0.386243046298291 0.597858660399381 0.0813889450822723
628 541.4228758 4859.895814 / 1.54524318079437 0.386243046298291 0.597858660399381 0.0813889450822723
629 542.1163565 4858.724055 / -1.39744890832376 0.386243046298291 0.685523868871378 0.0813889450822723
630 552.1366975 4858.746854 / 0.0986134226710638 0.386243046298291 0.658864038666177 0.0813889450822723
631 553.5633995 4858.656244 / -0.53286672222583 0.386243046298291 0.658864038666177 0.0813889450822723
632 554.238999 4859.236421 / -0.566788704025263 0.386243046298291 0.655196090488011 0.0813889450822723
633 564.2429135 4859.391664 / 0.571630560154374 0.475256974803909 0.860184481789659 -1.88908025164642
634 564.9833661 4859.29457 / -0.421354779213857 0.475256974803909 0.860184481789659 -1.88908025164642
635 565.8038465 4859.328643 / 0.137680091402803 0.475256974803909 0.674850894913309 -1.88908025164642
636 574.9576998 4860.737543 / -1.35630287335579 0.475256974803909 0.360873419762837 -1.88908025164642
637 576.8616176 4859.9702 / -0.228943395266945 1.00934054583762 -0.453437523098442 0.0813889450822723
638 577.6129406 4860.929356 / -0.470358051054111 1.00934054583762 -0.453437523098442 0.0813889450822723
639 546.9325845 4887.887572 / 1.78564481691609 -0.503896238757891 0.702797723859144 0.0813889450822723
640 548.4427742 4887.967496 / -0.429889261198494 -0.503896238757891 0.702797723859144 0.0813889450822723
641 549.3454618 4886.595073 / 0.201496924177422 -0.503896238757891 0.637558383715953 0.0813889450822723
642 552.8375429 4848.348404 / 0.465641585883053 0.564270903309528 0.132028837629952 0.0813889450822723
643 553.8151932 4847.135336 / -0.736334383979621 0.564270903309528 0.158095327985418 0.0813889450822723
644 554.5703668 4847.212229 / -0.640639441299832 0.564270903309528 0.158095327985418 0.0813889450822723
645 564.2199953 4847.843827 / 1.14882300477056 0.564270903309528 0.184183049725967 -1.88908025164642
646 565.2773202 4847.890757 / -0.316155228319487 0.564270903309528 0.197006852472306 -1.88908025164642
647 566.2428128 4848.916845 / -0.432677432134781 0.564270903309528 0.197006852472306 -1.88908025164642
648 580.1120107 4848.328643 / -0.875578374945661 1.09835447434324 -0.242621567280962 0.0813889450822723
649 581.0364699 4849.17393 / -0.544113986780832 1.09835447434324 -0.20639757517325 0.0813889450822723
650 582.2251608 4848.383047 / -0.571254016101356 1.09835447434324 -0.20639757517325 0.0813889450822723
651 568.5824294 4841.743839 / 0.443195649998159 0.653284831815146 0.140286160622798 -1.88908025164642
652 569.6746664 4841.586203 / 0.0409116292137676 0.653284831815146 0.196264219565802 -1.88908025164642
653 570.3368901 4841.464966 / -0.118397253510023 0.653284831815146 0.196264219565802 -1.88908025164642
654 564.8298428 4837.139465 / -0.330823933902284 1.00934054583762 -0.296757513290201 -1.88908025164642
655 565.740813 4836.840022 / -0.804776810828299 1.00934054583762 -0.155168090729508 -1.88908025164642
656 567.4671582 4836.464463 / 0.536119522362487 1.00934054583762 -0.155168090729508 -1.88908025164642
657 572.7894706 4832.545906 / -0.617192136581897 1.09835447434324 0.477586322807124 0.0813889450822723
658 573.7320416 4832.633084 / -0.358664217613912 1.09835447434324 0.477586322807124 0.0813889450822723
659 574.3211339 4832.312814 / 0.24536575539847 1.09835447434324 0.477586322807124 0.0813889450822723
660 585.8872365 4916.722715 / 1.79947578439991 1.54342411687133 -0.913045226479561 2.05185814181097
661 586.9841454 4914.944616 / 1.87608291927274 1.54342411687133 -0.904243097632825 2.05185814181097
662 587.9516348 4915.007135 / 0.769719110465138 1.54342411687133 -0.929989561800474 2.05185814181097
663 505.7471003 4905.6722 / 0.428372172780037 1.27638233135447 -0.983301873955971 0.0813889450822723
664 515.4712926 4906.085613 / -0.413778622079193 -1.30502159530846 -1.20918805158238 0.0813889450822723
665 516.8275084 4905.932346 / -0.299534774288998 -1.30502159530846 -1.21185083367413 0.0813889450822723
666 517.3149978 4905.604171 / -0.0368925854297788 -1.30502159530846 -1.21185083367413 0.0813889450822723
667 539.1082592 4905.970721 / -0.382956164136697 1.18736840284886 -0.757087181185215 0.0813889450822723
668 540.1070086 4905.355175 / -0.447176608891741 1.18736840284886 -0.757087181185215 0.0813889450822723
669 540.6434479 4905.757366 / -0.213339515551116 1.18736840284886 -0.757087181185215 0.0813889450822723
670 546.6687039 4906.862711 / 0.227944671718748 -1.30502159530846 -1.27181342491803 0.0813889450822723
671 547.9443581 4906.344196 / 0.339805461633032 -1.30502159530846 -1.27341543680891 0.0813889450822723
672 548.9520584 4906.835636 / 1.34426476099163 -1.30502159530846 -1.27181342491803 0.0813889450822723
673 566.4834885 4906.786721 / -0.430888842709624 -0.859951952780364 -0.164816783312298 0.0813889450822723
674 567.7839776 4906.413156 / -0.665132594232998 -0.859951952780364 -0.290034064775636 0.0813889450822723
675 568.7348318 4907.245562 / -0.291797156278166 -0.859951952780364 -0.164816783312298 0.0813889450822723
676 573.8896192 4907.683581 / -0.175919987711562 0.0301873322758182 1.89525965200809 0.0813889450822723
677 575.1724804 4907.647991 / 0.472869428539335 0.0301873322758182 1.89525965200809 0.0813889450822723
678 576.7448638 4906.974833 / -0.926785833149764 1.18736840284886 -0.503217318112249 0.0813889450822723
679 523.4096181 4901.341759 / -0.788804140870348 -0.147840524735418 1.76692255823263 0.0813889450822723
680 525.3243883 4901.37676 / -0.91580246273177 -0.147840524735418 1.76692255823263 0.0813889450822723
681 542.9557844 4899.532549 / -0.356141759398341 0.0301873322758182 1.5778203378533 0.0813889450822723
682 544.1510165 4897.982403 / -0.594910549735323 0.0301873322758182 1.5778203378533 0.0813889450822723
683 544.7987883 4898.834763 / 0.291934750835 0.0301873322758182 1.5778203378533 0.0813889450822723
684 591.4134884 4899.190859 / -1.39108139868762 1.63243804537695 -0.878508267374497 0.0813889450822723
685 592.4426833 4899.120078 / -0.0358377185560917 1.63243804537695 -0.889999238444134 0.0813889450822723
686 503.6515493 4892.357977 / -0.991128841602746 1.18736840284886 -0.422673829436029 0.0813889450822723
687 504.8349191 4894.64504 / 1.40305214105322 -1.0379798097916 -0.464482364640654 -1.88908025164642
688 505.7611063 4894.628682 / 0.758549090887782 -1.0379798097916 -0.464482364640654 -1.88908025164642
689 515.7266475 4893.954675 / 1.33506448303886 -0.681924095769128 0.265417195175643 0.0813889450822723
690 517.4249303 4893.523224 / -0.565744940021289 -0.681924095769128 0.265417195175643 0.0813889450822723
691 527.4537443 4894.148954 / 0.286217541246148 -0.592910167263509 1.0150794099527 0.0813889450822723
692 528.5276882 4893.318701 / -1.27691812413972 -0.592910167263509 1.0150794099527 0.0813889450822723
693 529.7479323 4893.846717 / 0.92419555381005 -0.592910167263509 1.0150794099527 0.0813889450822723
694 535.5956474 4895.504282 / -0.393785174140739 -0.592910167263509 0.503047518381415 0.0813889450822723
695 535.783365 4894.29225 / 0.244482741889467 -0.592910167263509 0.503047518381415 0.0813889450822723
696 537.7194799 4895.27944 / -0.308097298671543 -0.592910167263509 0.503047518381415 0.0813889450822723
697 551.4251886 4895.824927 / 2.67393602372072 -0.0588265962298 1.94303539916324 0.0813889450822723
698 552.1745719 4895.723427 / 1.65561825268228 -0.0588265962298 1.94303539916324 0.0813889450822723
699 552.6597926 4895.20112 / 2.56415010254842 -0.0588265962298 1.94303539916324 0.0813889450822723
700 562.7043398 4895.831239 / -1.06092538531329 -0.147840524735418 1.26730296268708 0.0813889450822723
701 564.0304449 4895.34628 / -0.40147631741465 -0.147840524735418 1.26730296268708 0.0813889450822723
702 565.1548079 4895.459095 / -0.580817562825847 -0.147840524735418 1.6012193409885 0.0813889450822723
703 574.911904 4895.690166 / -0.0646512750327714 -0.0588265962298 1.46917566971112 0.0813889450822723
704 575.5106477 4895.179028 / -0.413274792943522 -0.0588265962298 1.46917566971112 0.0813889450822723
705 576.3738379 4896.632039 / 0.392232940914352 -0.0588265962298 1.46917566971112 0.0813889450822723
706 519.9298206 4885.646237 / -0.624841489738354 -1.48304945231969 -1.34134104681086 -1.88908025164642
707 520.8833285 4886.235428 / 1.76652046530127 -1.48304945231969 -1.34134104681086 0.0813889450822723
708 521.8438474 4886.806121 / 2.67655555405676 -1.48304945231969 -1.34134104681086 2.05185814181097
709 528.147321 4883.029391 / 0.156333646298893 -1.39403552381407 -1.34134104681086 0.0813889450822723
710 529.1777376 4883.723408 / -0.685984536289677 -1.39403552381407 -1.34134104681086 0.0813889450822723
711 530.1957672 4882.113562 / 1.28601654559696 -1.39403552381407 -1.34134104681086 0.0813889450822723
712 535.5691128 4883.264093 / 1.8880334346319 -1.39403552381407 -1.34134104681086 0.0813889450822723
713 536.7574627 4882.445674 / 0.132091114481462 -1.39403552381407 -1.34134104681086 0.0813889450822723
714 537.8634855 4881.934333 / 1.98753118285308 -1.39403552381407 -1.34134104681086 0.0813889450822723
715 575.2108972 4882.715436 / -1.14889221626849 1.27638233135447 -0.704597446648947 2.05185814181097
716 576.2267474 4882.875961 / -1.65822362916495 1.27638233135447 -0.68177722227978 2.05185814181097
717 577.3734151 4884.538501 / 1.02894753823769 1.27638233135447 -0.697217615712542 2.05185814181097
718 552.6617419 4878.469052 / -0.698879701048971 1.8994798308938 -0.869471484259301 0.0813889450822723
719 553.3370705 4880.253701 / -0.482941229780046 1.8994798308938 -0.869471484259301 -1.88908025164642
720 512.3070703 4874.670223 / 1.22978373725573 -0.770938024274746 -0.144245876692793 0.0813889450822723
721 513.3447152 4874.083018 / 2.6654875601454 -0.770938024274746 -0.144245876692793 0.0813889450822723
722 514.4601981 4875.078542 / -0.479981013337413 -0.770938024274746 -0.144245876692793 0.0813889450822723
723 527.9015392 4871.917376 / 0.742026513495488 -1.12699373829722 -0.658430462844145 2.05185814181097
724 529.383741 4872.08196 / 1.18009509232594 -1.12699373829722 -0.658430462844145 2.05185814181097
725 530.5319649 4872.088383 / -0.186270936387097 -1.12699373829722 -0.658430462844145 2.05185814181097
726 540.0570149 4870.205574 / -1.00786842941178 -1.21600766680284 -1.04493781418234 0.0813889450822723
727 541.2006623 4870.847818 / -0.618387446059826 -1.21600766680284 -1.04493781418234 0.0813889450822723
728 542.383687 4870.566171 / 0.439207865614813 -1.21600766680284 -1.07081884324697 0.0813889450822723
729 563.5913702 4872.995815 / -0.340555169715643 1.00934054583762 0.0467509782164728 0.0813889450822723
730 564.9973118 4871.245778 / 0.111910744819773 0.475256974803909 1.16347608414691 0.0813889450822723
731 565.8536283 4870.947004 / 0.19643005908431 0.475256974803909 0.776069494775581 0.0813889450822723
732 577.4384562 4873.127859 / 0.245204266285095 1.81046590238818 -0.903638851256922 0.0813889450822723
733 587.3377236 4872.077481 / -1.33535411220894 1.72145197388256 -0.881966259221156 0.0813889450822723
734 588.4700207 4871.99011 / -0.687550012537931 1.72145197388256 -0.839149299134121 0.0813889450822723
735 589.2795957 4872.173733 / -0.774428064711606 1.72145197388256 -0.839149299134121 0.0813889450822723
736 528.8213831 4858.616277 / -0.177072703477991 0.119201260781436 0.670682132306561 0.0813889450822723
737 529.1542791 4858.968593 / -0.433561807324287 0.119201260781436 0.670682132306561 0.0813889450822723
738 531.1259756 4858.162082 / -0.409896134355332 0.119201260781436 0.73076666836162 0.0813889450822723
739 540.5297329 4859.425694 / -1.17521148206529 0.386243046298291 0.597858660399381 0.0813889450822723
740 541.219501 4859.364521 / 1.54524318079437 0.386243046298291 0.597858660399381 0.0813889450822723
741 542.2922564 4858.465602 / -1.39744890832376 0.386243046298291 0.710968078336411 0.0813889450822723
742 552.0354861 4859.072614 / 0.0986134226710638 0.386243046298291 0.658864038666177 0.0813889450822723
743 553.4686896 4858.874073 / -0.53286672222583 0.386243046298291 0.658864038666177 0.0813889450822723
744 554.6445943 4859.11179 / -0.566788704025263 0.386243046298291 0.690036134861041 0.0813889450822723
745 564.3310424 4859.86426 / 0.571630560154374 0.475256974803909 0.860184481789659 -1.88908025164642
746 565.066879 4859.232963 / -0.421354779213857 0.475256974803909 0.674850894913309 -1.88908025164642
747 565.643097 4859.734149 / 0.137680091402803 0.475256974803909 0.674850894913309 -1.88908025164642
748 575.1072294 4861.109688 / -1.35630287335579 0.475256974803909 0.360873419762837 -1.88908025164642
749 576.9372639 4860.547921 / -0.228943395266945 1.00934054583762 -0.453437523098442 0.0813889450822723
750 577.4722371 4860.390633 / -0.470358051054111 1.09835447434324 -0.485909778570567 0.0813889450822723
751 547.082211 4887.600731 / 1.78564481691609 -0.503896238757891 0.702797723859144 0.0813889450822723
752 548.848518 4887.69036 / -0.429889261198494 -0.503896238757891 0.702797723859144 0.0813889450822723
753 549.4331282 4886.959396 / 0.201496924177422 -0.503896238757891 0.637558383715953 0.0813889450822723
754 552.6340223 4848.646351 / 0.465641585883053 0.564270903309528 0.132028837629952 0.0813889450822723
755 553.5172973 4847.650639 / -0.736334383979621 0.564270903309528 0.132028837629952 0.0813889450822723
756 554.6265242 4847.567895 / -0.640639441299832 0.564270903309528 0.158095327985418 0.0813889450822723
757 564.3959457 4848.040683 / 1.14882300477056 0.564270903309528 0.184183049725967 -1.88908025164642
758 565.2557285 4847.90965 / -0.316155228319487 0.564270903309528 0.197006852472306 -1.88908025164642
759 566.3120587 4848.467568 / -0.432677432134781 0.564270903309528 0.197006852472306 -1.88908025164642
760 580.1035427 4848.885609 / -0.875578374945661 1.09835447434324 -0.242621567280962 0.0813889450822723
761 580.9617555 4848.601288 / -0.544113986780832 1.09835447434324 -0.20639757517325 0.0813889450822723
762 582.3823068 4848.938285 / -0.571254016101356 1.09835447434324 -0.20639757517325 0.0813889450822723
763 568.6828064 4841.296573 / 0.443195649998159 0.653284831815146 0.140286160622798 -1.88908025164642
764 569.3752495 4841.175107 / 0.0409116292137676 0.653284831815146 0.196264219565802 -1.88908025164642
765 570.4026652 4841.117216 / -0.118397253510023 0.653284831815146 0.196264219565802 -1.88908025164642
766 564.8307958 4837.149248 / -0.330823933902284 1.00934054583762 -0.296757513290201 -1.88908025164642
767 565.6586367 4836.523435 / -0.804776810828299 1.00934054583762 -0.155168090729508 -1.88908025164642
768 567.1484803 4836.07983 / 0.536119522362487 1.00934054583762 -0.155168090729508 -1.88908025164642
769 572.8200094 4832.459933 / -0.617192136581897 1.09835447434324 0.477586322807124 0.0813889450822723
770 573.4618146 4832.780509 / -0.358664217613912 1.09835447434324 0.477586322807124 0.0813889450822723
771 574.2238256 4832.707829 / 0.24536575539847 1.09835447434324 0.477586322807124 0.0813889450822723
772 585.9048176 4916.180136 / 1.79947578439991 1.54342411687133 -0.913045226479561 2.05185814181097
773 587.1664702 4915.448757 / 1.87608291927274 1.54342411687133 -0.904243097632825 2.05185814181097
774 588.1559004 4915.515046 / 0.769719110465138 1.54342411687133 -0.929989561800474 2.05185814181097
775 505.68903 4906.133883 / 0.428372172780037 1.27638233135447 -0.983301873955971 0.0813889450822723
776 515.829738 4905.818115 / -0.413778622079193 -1.30502159530846 -1.21185083367413 0.0813889450822723
777 516.5356006 4905.988805 / -0.299534774288998 -1.30502159530846 -1.21185083367413 0.0813889450822723
778 517.596426 4905.389993 / -0.0368925854297788 -1.30502159530846 -1.21185083367413 0.0813889450822723
779 539.1217517 4905.488391 / -0.382956164136697 1.18736840284886 -0.757087181185215 0.0813889450822723
780 540.1473004 4905.549031 / -0.447176608891741 1.18736840284886 -0.757087181185215 0.0813889450822723
781 541.1561761 4905.493206 / -0.213339515551116 1.18736840284886 -0.757087181185215 0.0813889450822723
782 546.8017648 4906.446113 / 0.227944671718748 -1.30502159530846 -1.27341543680891 0.0813889450822723
783 547.9854028 4905.804871 / 0.339805461633032 -1.30502159530846 -1.27341543680891 0.0813889450822723
784 548.643348 4907.003952 / 1.34426476099163 -1.30502159530846 -1.27181342491803 0.0813889450822723
785 566.5245562 4906.709268 / -0.430888842709624 -0.859951952780364 -0.164816783312298 0.0813889450822723
786 567.6170096 4906.221694 / -0.665132594232998 -0.859951952780364 -0.290034064775636 0.0813889450822723
787 568.3375663 4907.641866 / -0.291797156278166 -0.859951952780364 -0.164816783312298 0.0813889450822723
788 573.8584286 4907.23221 / -0.175919987711562 0.0301873322758182 1.89525965200809 0.0813889450822723
789 574.9237656 4908.089826 / 0.472869428539335 0.0301873322758182 1.89525965200809 0.0813889450822723
790 576.7535999 4906.82852 / -0.926785833149764 1.18736840284886 -0.503217318112249 0.0813889450822723
791 523.4533521 4901.120433 / -0.788804140870348 -0.147840524735418 1.76692255823263 0.0813889450822723
792 525.3865174 4901.265704 / -0.91580246273177 -0.147840524735418 1.76692255823263 0.0813889450822723
793 543.1063076 4900.063933 / -0.356141759398341 0.0301873322758182 1.5778203378533 0.0813889450822723
794 544.0255333 4898.247035 / -0.594910549735323 0.0301873322758182 1.5778203378533 0.0813889450822723
795 544.8438115 4898.743321 / 0.291934750835 0.0301873322758182 1.5778203378533 0.0813889450822723
796 592.3330365 4899.482259 / -0.0358377185560917 1.63243804537695 -0.889999238444134 0.0813889450822723
797 503.7757711 4892.327058 / -0.991128841602746 1.18736840284886 -0.422673829436029 0.0813889450822723
798 504.8669754 4894.944958 / 1.40305214105322 -1.0379798097916 -0.464482364640654 -1.88908025164642
799 505.623855 4894.520157 / 0.758549090887782 -1.0379798097916 -0.464482364640654 -1.88908025164642
800 515.403316 4893.933138 / 1.33506448303886 -0.681924095769128 0.165561016803363 0.0813889450822723
801 517.2751998 4893.726535 / -0.565744940021289 -0.681924095769128 0.265417195175643 0.0813889450822723
802 527.6094016 4893.996658 / 0.286217541246148 -0.592910167263509 1.0150794099527 0.0813889450822723
803 530.0597274 4894.128821 / 0.92419555381005 -0.592910167263509 1.0150794099527 0.0813889450822723
804 535.4919086 4895.570921 / -0.393785174140739 -0.592910167263509 0.503047518381415 0.0813889450822723
805 535.8341425 4894.417153 / 0.244482741889467 -0.592910167263509 0.503047518381415 0.0813889450822723
806 537.7167646 4895.251434 / -0.308097298671543 -0.592910167263509 0.503047518381415 0.0813889450822723
807 551.1633861 4895.39456 / 2.67393602372072 -0.0588265962298 1.94303539916324 0.0813889450822723
808 552.4482187 4895.651407 / 1.65561825268228 -0.0588265962298 1.94303539916324 0.0813889450822723
809 553.1200388 4895.148066 / 2.56415010254842 -0.0588265962298 1.94303539916324 0.0813889450822723
810 562.6779281 4895.802661 / -1.06092538531329 -0.147840524735418 1.26730296268708 0.0813889450822723
811 563.5979841 4895.548245 / -0.40147631741465 -0.147840524735418 1.26730296268708 0.0813889450822723
812 565.2563246 4895.342133 / -0.580817562825847 -0.147840524735418 1.6012193409885 0.0813889450822723
813 575.1504573 4895.546258 / -0.0646512750327714 -0.0588265962298 1.46917566971112 0.0813889450822723
814 575.7813324 4894.753351 / -0.413274792943522 -0.0588265962298 1.46917566971112 0.0813889450822723
815 576.5267346 4896.400203 / 0.392232940914352 -0.0588265962298 1.46774975688368 0.0813889450822723
816 519.9773768 4885.240305 / -0.624841489738354 -1.48304945231969 -1.34134104681086 -1.88908025164642
817 521.3109843 4886.541134 / 1.76652046530127 -1.48304945231969 -1.34134104681086 0.0813889450822723
818 521.7379802 4886.744014 / 2.67655555405676 -1.48304945231969 -1.34134104681086 2.05185814181097
819 527.814825 4883.315211 / 0.156333646298893 -1.39403552381407 -1.34134104681086 0.0813889450822723
820 528.8397171 4883.769681 / -0.685984536289677 -1.39403552381407 -1.34134104681086 0.0813889450822723
821 530.1120807 4882.12051 / 1.28601654559696 -1.39403552381407 -1.34134104681086 0.0813889450822723
822 535.6200462 4882.770204 / 1.8880334346319 -1.39403552381407 -1.34134104681086 0.0813889450822723
823 536.7224351 4882.137806 / 0.132091114481462 -1.39403552381407 -1.34134104681086 0.0813889450822723
824 538.0872513 4882.362255 / 1.98753118285308 -1.39403552381407 -1.34134104681086 0.0813889450822723
825 577.300762 4884.645846 / 1.02894753823769 1.27638233135447 -0.697217615712542 2.05185814181097
826 552.9440543 4878.594717 / -0.698879701048971 1.8994798308938 -0.869471484259301 0.0813889450822723
827 553.6401256 4880.663477 / -0.482941229780046 1.8994798308938 -0.848403116356848 -1.88908025164642
828 512.7571058 4874.438943 / 1.22978373725573 -0.770938024274746 -0.144245876692793 0.0813889450822723
829 513.1087944 4874.429302 / 2.6654875601454 -0.770938024274746 -0.144245876692793 0.0813889450822723
830 514.4577827 4875.44984 / -0.479981013337413 -0.770938024274746 -0.144245876692793 0.0813889450822723
831 528.1079125 4871.936021 / 0.742026513495488 -1.12699373829722 -0.658430462844145 2.05185814181097
832 528.7632564 4872.436322 / 1.18009509232594 -1.12699373829722 -0.658430462844145 2.05185814181097
833 529.9526269 4872.141491 / -0.186270936387097 -1.12699373829722 -0.658430462844145 2.05185814181097
834 540.0667955 4870.100227 / -1.00786842941178 -1.21600766680284 -1.04493781418234 0.0813889450822723
835 541.5421541 4870.752544 / -0.618387446059826 -1.21600766680284 -1.04493781418234 0.0813889450822723
836 541.9617076 4870.413422 / 0.439207865614813 -1.21600766680284 -1.04493781418234 0.0813889450822723
837 563.1507318 4872.67835 / -0.340555169715643 1.00934054583762 0.0467509782164728 0.0813889450822723
838 564.4991202 4871.248788 / 0.111910744819773 0.475256974803909 1.16347608414691 0.0813889450822723
839 565.5894432 4871.280059 / 0.19643005908431 0.475256974803909 0.776069494775581 0.0813889450822723
840 577.6161124 4873.456751 / 0.245204266285095 1.81046590238818 -0.886421530152893 0.0813889450822723
841 588.4130431 4872.232964 / -0.687550012537931 1.72145197388256 -0.839149299134121 0.0813889450822723
842 589.375156 4871.986062 / -0.774428064711606 1.72145197388256 -0.839149299134121 0.0813889450822723
843 528.8737496 4858.157351 / -0.177072703477991 0.119201260781436 0.670682132306561 0.0813889450822723
844 529.1147254 4858.554026 / -0.433561807324287 0.119201260781436 0.670682132306561 0.0813889450822723
845 530.7054806 4858.244758 / -0.409896134355332 0.119201260781436 0.670682132306561 0.0813889450822723
846 540.959697 4859.184757 / 1.54524318079437 0.386243046298291 0.597858660399381 0.0813889450822723
847 552.0230233 4858.530482 / 0.0986134226710638 0.386243046298291 0.658864038666177 0.0813889450822723
848 553.2441375 4858.844389 / -0.53286672222583 0.386243046298291 0.658864038666177 0.0813889450822723
849 554.3346728 4858.873883 / -0.566788704025263 0.386243046298291 0.690036134861041 0.0813889450822723
850 564.3852153 4859.703835 / 0.571630560154374 0.475256974803909 0.860184481789659 -1.88908025164642
851 565.2548539 4859.144947 / -0.421354779213857 0.475256974803909 0.458958393970364 -1.88908025164642
852 565.612611 4859.331749 / 0.137680091402803 0.475256974803909 0.674850894913309 -1.88908025164642
853 576.8425767 4861.108118 / -0.228943395266945 1.00934054583762 -0.453437523098442 0.0813889450822723
854 577.4142293 4859.923081 / -0.470358051054111 1.09835447434324 -0.485909778570567 0.0813889450822723
855 547.0004166 4888.144532 / 1.78564481691609 -0.503896238757891 0.702797723859144 0.0813889450822723
856 548.5210049 4887.413577 / -0.429889261198494 -0.503896238757891 0.637558383715953 0.0813889450822723
857 549.3640517 4886.719174 / 0.201496924177422 -0.503896238757891 0.637558383715953 0.0813889450822723
858 553.0900448 4848.621313 / 0.465641585883053 0.564270903309528 0.132028837629952 0.0813889450822723
859 553.3291207 4847.553276 / -0.736334383979621 0.564270903309528 0.132028837629952 0.0813889450822723
860 554.4032107 4847.231633 / -0.640639441299832 0.564270903309528 0.158095327985418 0.0813889450822723
861 564.8304995 4847.909053 / 1.14882300477056 0.564270903309528 0.184183049725967 -1.88908025164642
862 565.6768394 4847.552461 / -0.316155228319487 0.564270903309528 0.197006852472306 -1.88908025164642
863 566.3048474 4848.965669 / -0.432677432134781 0.564270903309528 0.197006852472306 -1.88908025164642
864 580.0777801 4849.074025 / -0.875578374945661 1.09835447434324 -0.242621567280962 0.0813889450822723
865 580.965088 4848.154895 / -0.544113986780832 1.09835447434324 -0.20639757517325 0.0813889450822723
866 582.2986083 4849.355805 / -0.571254016101356 1.09835447434324 -0.20639757517325 0.0813889450822723
867 568.5207196 4841.375659 / 0.443195649998159 0.653284831815146 0.140286160622798 -1.88908025164642
868 569.4760942 4841.671994 / 0.0409116292137676 0.653284831815146 0.196264219565802 -1.88908025164642
869 570.4397296 4841.467828 / -0.118397253510023 0.653284831815146 0.196264219565802 -1.88908025164642
870 564.4806594 4837.281482 / -0.330823933902284 1.00934054583762 -0.296757513290201 -1.88908025164642
871 565.8755951 4836.414273 / -0.804776810828299 1.00934054583762 -0.155168090729508 -1.88908025164642
872 567.0808283 4835.454032 / 0.536119522362487 1.00934054583762 -0.155168090729508 -1.88908025164642
873 572.9406284 4832.235543 / -0.617192136581897 1.09835447434324 0.477586322807124 0.0813889450822723
874 573.2593825 4832.505158 / -0.358664217613912 1.09835447434324 0.477586322807124 0.0813889450822723
875 574.403482 4832.277741 / 0.24536575539847 1.09835447434324 0.477586322807124 0.0813889450822723
876 585.8945989 4915.619304 / 1.79947578439991 1.54342411687133 -0.904243097632825 2.05185814181097
877 587.2347558 4916.03159 / 1.87608291927274 1.54342411687133 -0.913045226479561 2.05185814181097
878 588.4090274 4915.830208 / 0.769719110465138 1.54342411687133 -0.929989561800474 2.05185814181097
879 506.0574644 4906.355806 / 0.428372172780037 1.27638233135447 -0.983301873955971 0.0813889450822723
880 516.4989598 4905.906184 / -0.299534774288998 -1.30502159530846 -1.21185083367413 0.0813889450822723
881 517.4659755 4905.192264 / -0.0368925854297788 -1.30502159530846 -1.21185083367413 0.0813889450822723
882 539.1105318 4905.48377 / -0.382956164136697 1.18736840284886 -0.757087181185215 0.0813889450822723
883 541.265622 4905.404477 / -0.213339515551116 1.18736840284886 -0.757087181185215 0.0813889450822723
884 546.8350991 4905.978928 / 0.227944671718748 -1.30502159530846 -1.27341543680891 0.0813889450822723
885 547.8747414 4905.840717 / 0.339805461633032 -1.30502159530846 -1.27341543680891 0.0813889450822723
886 548.525315 4906.55209 / 1.34426476099163 -1.30502159530846 -1.27181342491803 0.0813889450822723
887 568.4151998 4907.600465 / -0.291797156278166 -0.859951952780364 -0.164816783312298 0.0813889450822723
888 573.9159217 4907.113439 / -0.175919987711562 0.0301873322758182 1.89525965200809 0.0813889450822723
889 574.4716599 4908.552345 / 0.472869428539335 0.0301873322758182 1.89525965200809 0.0813889450822723
890 543.0907388 4900.039726 / -0.356141759398341 0.0301873322758182 1.5778203378533 0.0813889450822723
891 544.8365401 4899.234457 / 0.291934750835 0.0301873322758182 1.5778203378533 0.0813889450822723
892 592.2500623 4899.714724 / -0.0358377185560917 1.63243804537695 -0.889999238444134 0.0813889450822723
893 504.8880535 4894.427045 / 1.40305214105322 -1.0379798097916 -0.464482364640654 -1.88908025164642
894 505.6971468 4894.031616 / 0.758549090887782 -1.0379798097916 -0.464482364640654 -1.88908025164642
895 515.7078918 4894.34616 / 1.33506448303886 -0.681924095769128 0.265417195175643 0.0813889450822723
896 527.4749575 4893.54769 / 0.286217541246148 -0.592910167263509 1.0150794099527 0.0813889450822723
897 529.6042951 4893.961807 / 0.92419555381005 -0.592910167263509 1.0150794099527 0.0813889450822723
898 535.988955 4894.410113 / 0.244482741889467 -0.592910167263509 0.503047518381415 0.0813889450822723
899 537.7155662 4895.251427 / -0.308097298671543 -0.592910167263509 0.503047518381415 0.0813889450822723
900 551.2552501 4894.8952 / 2.67393602372072 -0.0588265962298 1.94303539916324 0.0813889450822723
901 552.0902046 4895.814175 / 1.65561825268228 -0.0588265962298 1.94303539916324 0.0813889450822723
902 553.0723592 4895.066482 / 2.56415010254842 -0.0588265962298 1.94303539916324 0.0813889450822723
903 575.1240224 4895.293789 / -0.0646512750327714 -0.0588265962298 1.46917566971112 0.0813889450822723
904 576.2852725 4896.539917 / 0.392232940914352 -0.0588265962298 1.46917566971112 0.0813889450822723
905 520.9018021 4886.086317 / 1.76652046530127 -1.48304945231969 -1.34134104681086 0.0813889450822723
906 522.0254264 4886.545485 / 2.67655555405676 -1.48304945231969 -1.34134104681086 2.05185814181097
907 528.1495075 4883.398159 / 0.156333646298893 -1.39403552381407 -1.34134104681086 0.0813889450822723
908 530.3525767 4881.942565 / 1.28601654559696 -1.39403552381407 -1.34134104681086 0.0813889450822723
909 535.5816608 4883.341579 / 1.8880334346319 -1.39403552381407 -1.34134104681086 0.0813889450822723
910 536.8414625 4881.953755 / 0.132091114481462 -1.39403552381407 -1.34134104681086 0.0813889450822723
911 537.8003082 4882.522881 / 1.98753118285308 -1.39403552381407 -1.34134104681086 0.0813889450822723
912 576.9005503 4885.13527 / 1.02894753823769 1.27638233135447 -0.697217615712542 2.05185814181097
913 512.8003149 4874.143251 / 1.22978373725573 -0.770938024274746 -0.144245876692793 0.0813889450822723
914 513.1736577 4874.013701 / 2.6654875601454 -0.770938024274746 -0.144245876692793 0.0813889450822723
915 528.6145718 4872.207094 / 0.742026513495488 -1.12699373829722 -0.658430462844145 2.05185814181097
916 528.7397575 4871.903528 / 1.18009509232594 -1.12699373829722 -0.658430462844145 2.05185814181097
917 529.8198068 4872.064363 / -0.186270936387097 -1.12699373829722 -0.658430462844145 2.05185814181097
918 541.6647444 4870.603589 / 0.439207865614813 -1.21600766680284 -1.04493781418234 0.0813889450822723
919 563.0777352 4872.682207 / -0.340555169715643 1.00934054583762 0.0467509782164728 0.0813889450822723
920 564.1591455 4871.30202 / 0.111910744819773 0.475256974803909 1.16347608414691 0.0813889450822723
921 565.1758121 4871.523565 / 0.19643005908431 0.475256974803909 0.776069494775581 0.0813889450822723
922 577.7289363 4873.972951 / 0.245204266285095 1.81046590238818 -0.886421530152893 0.0813889450822723
923 528.7800665 4858.009891 / -0.177072703477991 0.119201260781436 0.670682132306561 0.0813889450822723
924 541.0892832 4859.585521 / 1.54524318079437 0.386243046298291 0.597858660399381 0.0813889450822723
925 552.3012545 4858.244545 / 0.0986134226710638 0.386243046298291 0.658864038666177 0.0813889450822723
926 564.4080396 4859.189439 / 0.571630560154374 0.475256974803909 0.860184481789659 -1.88908025164642
927 565.726675 4859.008755 / 0.137680091402803 0.475256974803909 0.458958393970364 -1.88908025164642
928 576.8768782 4861.225595 / -0.228943395266945 1.00934054583762 -0.453437523098442 0.0813889450822723
929 547.0879088 4887.575779 / 1.78564481691609 -0.503896238757891 0.637558383715953 0.0813889450822723
930 549.1639279 4886.307025 / 0.201496924177422 -0.503896238757891 0.637558383715953 0.0813889450822723
931 552.8946961 4848.021309 / 0.465641585883053 0.564270903309528 0.132028837629952 0.0813889450822723
932 564.5391475 4847.612988 / 1.14882300477056 0.564270903309528 0.184183049725967 -1.88908025164642
933 565.7407654 4847.476561 / -0.316155228319487 0.564270903309528 0.197006852472306 -1.88908025164642
934 568.2481724 4841.811612 / 0.443195649998159 0.653284831815146 0.140286160622798 -1.88908025164642
935 569.5002369 4842.006915 / 0.0409116292137676 0.653284831815146 0.196264219565802 -1.88908025164642
936 570.4938384 4841.660893 / -0.118397253510023 0.653284831815146 0.196264219565802 -1.88908025164642
937 564.562242 4837.263609 / -0.330823933902284 1.00934054583762 -0.296757513290201 -1.88908025164642
938 566.8929026 4835.702397 / 0.536119522362487 1.00934054583762 -0.155168090729508 -1.88908025164642
939 573.2542881 4832.491551 / -0.358664217613912 1.09835447434324 0.477586322807124 0.0813889450822723
940 574.8258603 4832.010646 / 0.24536575539847 1.09835447434324 0.477586322807124 0.0813889450822723
941 585.9065465 4915.540806 / 1.79947578439991 1.54342411687133 -0.904243097632825 2.05185814181097
942 587.1264409 4916.322213 / 1.87608291927274 1.54342411687133 -0.913045226479561 2.05185814181097
943 587.981834 4915.633013 / 0.769719110465138 1.54342411687133 -0.929989561800474 2.05185814181097
944 506.1446408 4906.351334 / 0.428372172780037 1.27638233135447 -0.983301873955971 0.0813889450822723
945 547.8736956 4905.841931 / 0.339805461633032 -1.30502159530846 -1.27341543680891 0.0813889450822723
946 548.5948963 4906.150607 / 1.34426476099163 -1.30502159530846 -1.27341543680891 0.0813889450822723
947 574.4240116 4908.619011 / 0.472869428539335 0.0301873322758182 1.89525965200809 0.0813889450822723
948 505.0798722 4893.835401 / 1.40305214105322 -1.0379798097916 -0.464482364640654 -1.88908025164642
949 505.7709348 4893.718235 / 0.758549090887782 -1.0379798097916 -0.464482364640654 -1.88908025164642
950 515.9449631 4894.871549 / 1.33506448303886 -0.681924095769128 0.265417195175643 0.0813889450822723
951 529.5302615 4893.526064 / 0.92419555381005 -0.592910167263509 1.0150794099527 0.0813889450822723
952 551.2577113 4894.897219 / 2.67393602372072 -0.0588265962298 1.94303539916324 0.0813889450822723
953 552.0602507 4896.125737 / 1.65561825268228 -0.0588265962298 1.94303539916324 0.0813889450822723
954 552.7718466 4895.166808 / 2.56415010254842 -0.0588265962298 1.94303539916324 0.0813889450822723
955 576.2695745 4896.605165 / 0.392232940914352 -0.0588265962298 1.46917566971112 0.0813889450822723
956 520.7876193 4885.560144 / 1.76652046530127 -1.48304945231969 -1.34134104681086 0.0813889450822723
957 522.4801501 4886.657206 / 2.67655555405676 -1.48304945231969 -1.34134104681086 2.05185814181097
958 530.016139 4881.584039 / 1.28601654559696 -1.39403552381407 -1.34134104681086 0.0813889450822723
959 535.8653483 4883.806403 / 1.8880334346319 -1.39403552381407 -1.34134104681086 0.0813889450822723
960 537.7153435 4882.276811 / 1.98753118285308 -1.39403552381407 -1.34134104681086 0.0813889450822723
961 577.1499524 4885.276267 / 1.02894753823769 1.27638233135447 -0.697217615712542 2.05185814181097
962 512.3778299 4873.902537 / 1.22978373725573 -0.770938024274746 -0.144245876692793 0.0813889450822723
963 512.9635978 4873.72273 / 2.6654875601454 -0.770938024274746 -0.144245876692793 0.0813889450822723
964 528.6379427 4872.530854 / 0.742026513495488 -1.12699373829722 -0.658430462844145 2.05185814181097
965 529.2396256 4872.109755 / 1.18009509232594 -1.12699373829722 -0.658430462844145 2.05185814181097
966 541.5807346 4870.700249 / 0.439207865614813 -1.21600766680284 -1.04493781418234 0.0813889450822723
967 541.1275388 4860.113896 / 1.54524318079437 0.386243046298291 0.597858660399381 0.0813889450822723
968 564.2824367 4859.026828 / 0.571630560154374 0.475256974803909 0.503446872290859 -1.88908025164642
969 546.9203141 4887.847275 / 1.78564481691609 -0.503896238757891 0.702797723859144 0.0813889450822723
970 552.9477811 4847.953644 / 0.465641585883053 0.564270903309528 0.132028837629952 0.0813889450822723
971 564.161606 4847.539143 / 1.14882300477056 0.564270903309528 0.184183049725967 -1.88908025164642
972 568.2860207 4841.94651 / 0.443195649998159 0.653284831815146 0.140286160622798 -1.88908025164642
973 566.7408802 4835.852493 / 0.536119522362487 1.00934054583762 -0.155168090729508 -1.88908025164642
974 586.0566677 4916.045379 / 1.79947578439991 1.54342411687133 -0.913045226479561 2.05185814181097
975 587.2872125 4915.855871 / 1.87608291927274 1.54342411687133 -0.904243097632825 2.05185814181097
976 587.8220178 4915.37345 / 0.769719110465138 1.54342411687133 -0.904243097632825 2.05185814181097
977 548.7942987 4906.034013 / 1.34426476099163 -1.30502159530846 -1.27341543680891 0.0813889450822723
978 505.1291295 4893.58686 / 1.40305214105322 -1.0379798097916 -0.464482364640654 -1.88908025164642
979 515.937964 4895.121778 / 1.33506448303886 -0.681924095769128 0.265417195175643 0.0813889450822723
980 551.1612472 4895.392211 / 2.67393602372072 -0.0588265962298 1.94303539916324 0.0813889450822723
981 551.6991712 4896.266397 / 1.65561825268228 -0.0588265962298 1.94303539916324 0.0813889450822723
982 552.8297955 4895.293126 / 2.56415010254842 -0.0588265962298 1.94303539916324 0.0813889450822723
983 520.9452598 4885.175781 / 1.76652046530127 -1.48304945231969 -1.34134104681086 0.0813889450822723
984 522.4853547 4886.18739 / 2.67655555405676 -1.48304945231969 -1.34134104681086 2.05185814181097
985 530.000773 4881.406921 / 1.28601654559696 -1.39403552381407 -1.34134104681086 0.0813889450822723
986 535.9334518 4884.262064 / 1.8880334346319 -1.39403552381407 -1.34134104681086 0.0813889450822723
987 537.3591681 4881.984548 / 1.98753118285308 -1.39403552381407 -1.34134104681086 0.0813889450822723
988 512.3493796 4873.772312 / 1.22978373725573 -0.770938024274746 -0.144245876692793 0.0813889450822723
989 512.9419202 4873.12736 / 2.6654875601454 -0.770938024274746 -0.136552384052375 0.0813889450822723
990 529.3754324 4872.093363 / 1.18009509232594 -1.12699373829722 -0.658430462844145 2.05185814181097
991 541.3559071 4860.382217 / 1.54524318079437 0.386243046298291 0.597858660399381 0.0813889450822723
992 546.5632129 4888.180966 / 1.78564481691609 -0.503896238757891 0.702797723859144 0.0813889450822723
993 564.1764936 4847.438987 / 1.14882300477056 0.564270903309528 0.184183049725967 -1.88908025164642
994 585.7633921 4916.491785 / 1.79947578439991 1.54342411687133 -0.913045226479561 2.05185814181097
995 587.1366031 4915.38259 / 1.87608291927274 1.54342411687133 -0.904243097632825 2.05185814181097
996 551.4126245 4895.848044 / 2.67393602372072 -0.0588265962298 1.94303539916324 0.0813889450822723
997 552.57938 4895.584476 / 2.56415010254842 -0.0588265962298 1.94303539916324 0.0813889450822723
998 521.9917437 4885.947919 / 2.67655555405676 -1.48304945231969 -1.34134104681086 2.05185814181097
999 535.8112278 4884.192533 / 1.8880334346319 -1.39403552381407 -1.34134104681086 0.0813889450822723
1000 537.2536733 4881.967179 / 1.98753118285308 -1.39403552381407 -1.34134104681086 0.0813889450822723
1001 513.2436576 4873.358647 / 2.6654875601454 -0.770938024274746 -0.136552384052375 0.0813889450822723
1002 546.5632294 4888.178633 / 1.78564481691609 -0.503896238757891 0.702797723859144 0.0813889450822723
1003 587.0994563 4915.414089 / 1.87608291927274 1.54342411687133 -0.904243097632825 2.05185814181097
1004 551.381444 4895.993868 / 2.67393602372072 -0.0588265962298 1.94303539916324 0.0813889450822723
1005 552.5544946 4895.649147 / 2.56415010254842 -0.0588265962298 1.94303539916324 0.0813889450822723
1006 521.9343403 4885.815885 / 2.67655555405676 -1.48304945231969 -1.34134104681086 2.05185814181097
1007 513.193751 4873.543921 / 2.6654875601454 -0.770938024274746 -0.144245876692793 0.0813889450822723
