# V1 V2 V3 V4 V5 V6 V7
1 515.452627430823 4905.49864893722 / 0.786249629597341 -1.3794729087516 -1.89695031482711
2 515.328195454119 4905.61996267543 / 0.786249629597341 -1.3794729087516 -1.89695031482711
3 515.337073155347 4905.7254885712 / 0.786249629597341 -1.3794729087516 -1.89695031482711
4 515.362664982524 4905.71368475673 / 0.786249629597341 -1.3794729087516 -1.89695031482711
5 516.493567352632 4905.1406091687 / 0.786249629597341 -0.165939841311951 -1.075722254506
6 516.492484455769 4905.57025333617 / 0.786249629597341 -0.165939841311951 -1.075722254506
7 516.502745515008 4905.60375260212 / 0.786249629597341 -0.165939841311951 -1.075722254506
8 516.450067325442 4905.25532614083 / 0.786249629597341 -0.165939841311951 -1.075722254506
9 517.509015541583 4905.0296914011 / 0.786249629597341 0.731891743428273 -1.075722254506
10 517.522894723953 4905.527594367 / 0.786249629597341 0.731891743428273 -1.075722254506
11 517.247167473873 4905.77600638113 / 0.786249629597341 0.731891743428273 -1.075722254506
12 517.896323327385 4905.38877886091 / 0.786249629597341 0.731891743428273 -1.075722254506
13 539.049174103369 4905.67870115568 / 1.8449120547837 -1.18053416925843 1.19745255787208
14 538.959213092664 4905.76163871855 / 1.8449120547837 -1.18053416925843 1.19745255787208
15 539.070362198992 4906.00297935776 / 1.8449120547837 -1.18053416925843 1.19745255787208
16 539.003004895891 4905.86867981428 / 1.8449120547837 -1.18053416925843 1.19745255787208
17 540.290554916363 4905.99385487192 / 1.8449120547837 -1.39286740462633 1.19745255787208
18 540.471699201419 4905.92802391657 / 1.8449120547837 -1.39286740462633 1.19745255787208
19 540.17747821634 4906.07493961039 / 1.8449120547837 -1.39286740462633 1.19745255787208
20 540.027724798638 4906.18291925973 / 1.8449120547837 -1.39286740462633 1.19745255787208
21 540.560630392135 4905.81713328123 / 1.8449120547837 -1.12666068335696 1.19745255787208
22 540.77347225542 4905.74515128481 / 1.8449120547837 -1.12666068335696 1.19745255787208
23 541.009052312342 4905.73433499882 / 1.8449120547837 -1.12666068335696 1.19745255787208
24 540.673526671513 4905.76656268054 / 1.8449120547837 -1.12666068335696 1.19745255787208
25 546.866697393876 4906.23681396751 / 0.70481405842916 1.06208825260717 1.3208932702586
26 546.655852226266 4906.70438178498 / 0.70481405842916 1.06208825260717 0.533455492440638
27 546.729474835345 4906.96126713615 / 0.70481405842916 1.06208825260717 0.533455492440638
28 546.572947183507 4906.6402300696 / 0.70481405842916 1.06208825260717 0.533455492440638
29 547.899316055212 4905.91505013177 / 0.70481405842916 -1.65675411357332 1.3208932702586
30 547.913523383392 4905.96939223927 / 0.70481405842916 -1.65675411357332 1.3208932702586
31 547.948573307696 4906.08575305507 / 0.70481405842916 -1.65675411357332 1.3208932702586
32 547.971346805903 4905.88549188785 / 0.70481405842916 -1.65675411357332 1.3208932702586
33 548.887475054209 4906.09990520921 / 0.70481405842916 -1.07010310830971 1.3208932702586
34 548.901529306986 4906.25467382423 / 0.70481405842916 -1.07010310830971 1.3208932702586
35 548.951124027038 4906.37750510571 / 0.70481405842916 -1.07010310830971 1.3208932702586
36 548.788641658685 4906.13264252377 / 0.70481405842916 -1.07010310830971 1.3208932702586
37 566.638041936442 4907.93513744731 / -0.516719509093557 0.116515052295027 1.21721124875068
38 566.583174270435 4908.00492253009 / -0.516719509093557 0.116515052295027 1.21721124875068
39 566.636190906321 4907.39991133484 / -0.516719509093557 0.116515052295027 1.21721124875068
40 566.630225493443 4907.50790928774 / -0.516719509093557 0.116515052295027 1.21721124875068
41 567.662695379998 4906.51843671009 / -0.516719509093557 0.242779985425879 0.147909542061736
42 567.531461397805 4906.96838420297 / -0.516719509093557 0.242779985425879 1.21721124875068
43 567.574096268051 4906.96501096071 / -0.516719509093557 0.242779985425879 1.21721124875068
44 567.800695522922 4906.59105731551 / -0.516719509093557 0.242779985425879 1.21721124875068
45 568.306928991914 4907.99727781744 / -0.516719509093557 0.884932997889623 1.21721124875068
46 568.313677577251 4907.46807014373 / -0.516719509093557 0.884932997889623 1.21721124875068
47 568.755515635801 4907.22861452424 / -0.516719509093557 0.884932997889623 1.21721124875068
48 568.477221147441 4908.06219956526 / -0.516719509093557 0.884932997889623 1.21721124875068
49 573.82818021072 4907.16398413941 / -0.516719509093557 -0.0656717260522641 0.757330106042178
50 573.9436804604 4907.55134271612 / -0.516719509093557 -0.0656717260522641 0.757330106042178
51 573.464289210228 4907.65103371753 / -0.516719509093557 -0.0656717260522641 0.757330106042178
52 573.848229687856 4907.38245158865 / -0.516719509093557 -0.0656717260522641 0.757330106042178
53 574.583100875024 4908.46716803009 / -0.516719509093557 -0.21003520855459 0.757330106042178
54 574.993871209578 4907.98156317936 / -0.516719509093557 -0.21003520855459 0.757330106042178
55 574.989647076595 4907.97854865441 / -0.516719509093557 -0.21003520855459 0.757330106042178
56 574.567813331489 4908.47419776225 / -0.516719509093557 -0.21003520855459 0.757330106042178
57 576.787990563831 4907.06669504407 / -0.516719509093557 0.520138434031928 -0.0598369466259233
58 576.80213064108 4907.57284673478 / -0.516719509093557 0.520138434031928 -0.0598369466259233
59 576.681599471685 4908.09606343214 / -0.516719509093557 0.520138434031928 -0.0598369466259233
60 576.717258364048 4907.80492558321 / -0.516719509093557 0.520138434031928 -0.0598369466259233
61 523.428400539668 4901.45296964345 / 0.0533294890837109 -0.234429176819339 1.39930442500967
62 523.4036201937 4901.74270214159 / 0.0533294890837109 -0.234429176819339 1.39930442500967
63 523.421617911696 4901.8186114671 / 0.0533294890837109 -0.234429176819339 -0.0532897485161042
64 523.255946611338 4901.83158010186 / 0.0533294890837109 -0.234429176819339 -0.0532897485161042
65 524.410220842599 4901.56417761618 / 0.0533294890837109 -0.915009033977389 1.39930442500967
66 524.40124852175 4901.68448019468 / 0.0533294890837109 -0.915009033977389 1.39930442500967
67 524.410559702681 4901.96374319454 / 0.0533294890837109 -0.915009033977389 -0.0532897485161042
68 524.323548721827 4902.43925352386 / 0.0533294890837109 -0.915009033977389 -0.0532897485161042
69 525.352020126804 4901.31098299305 / 0.0533294890837109 -0.830773325052262 1.39930442500967
70 525.341683025445 4901.6206792415 / 0.0533294890837109 -0.830773325052262 1.39930442500967
71 525.390246173709 4901.97382288042 / 0.0533294890837109 -0.830773325052262 -0.0532897485161042
72 525.341894453748 4901.56602018941 / 0.0533294890837109 -0.830773325052262 1.39930442500967
73 543.053657606135 4899.19068341975 / 0.623378487260979 -0.817941405946104 0.208562765188836
74 542.991042360823 4899.26357702902 / 0.623378487260979 -0.817941405946104 0.208562765188836
75 543.11300364434 4899.52285201869 / 0.623378487260979 -0.817941405946104 0.208562765188836
76 543.220085159488 4899.17228651277 / 0.623378487260979 -0.817941405946104 0.208562765188836
77 544.212106507795 4898.41195386157 / 0.623378487260979 -1.27658072214805 0.208562765188836
78 544.193013281328 4898.44148622852 / 0.623378487260979 -1.27658072214805 0.208562765188836
79 544.199441548704 4898.30169948823 / 0.623378487260979 -1.27658072214805 0.208562765188836
80 544.259965961818 4897.99998994141 / 0.623378487260979 -1.27658072214805 0.208562765188836
81 545.02707812434 4899.06495618116 / 0.623378487260979 0.147403753841897 0.208562765188836
82 544.939256562877 4899.43469199942 / 0.623378487260979 0.147403753841897 0.208562765188836
83 545.077272873571 4899.65004678415 / 0.623378487260979 0.147403753841897 0.208562765188836
84 544.888136655128 4898.98264671134 / 0.623378487260979 0.147403753841897 0.208562765188836
85 503.879378703966 4892.44913155968 / 0.0533294890837109 -1.27839147622651 0.685475542664105
86 503.951820353597 4892.65128149364 / 0.0533294890837109 -1.27839147622651 0.685475542664105
87 503.978485871906 4892.9224686933 / 0.0533294890837109 -1.27839147622651 0.685475542664105
88 503.972967540888 4892.96864890081 / 0.0533294890837109 -1.27839147622651 0.685475542664105
89 504.724689192841 4894.760571241 / 0.0533294890837109 0.697174963324863 -0.0802633404176088
90 504.658848344259 4894.78086256194 / 0.0533294890837109 0.697174963324863 -0.0802633404176088
91 504.889108615609 4894.15818248038 / 0.0533294890837109 0.697174963324863 -0.0802633404176088
92 505.086268038308 4893.83123258235 / 0.0533294890837109 0.697174963324863 -0.0802633404176088
93 505.831584264774 4894.15174880903 / 0.0533294890837109 -0.894999520785291 -0.0802633404176088
94 505.765483899251 4893.75595062654 / 0.0533294890837109 -0.894999520785291 -0.0802633404176088
95 505.672623861682 4893.97619612407 / 0.0533294890837109 -0.894999520785291 -0.0802633404176088
96 505.732060504028 4894.33004140503 / 0.0533294890837109 -0.894999520785291 -0.0802633404176088
97 515.951128405461 4894.95154474581 / -0.0281060820844703 0.790130659378661 -1.70104560742088
98 515.762918744605 4894.38671210211 / -0.0281060820844703 0.790130659378661 -1.70104560742088
99 515.614364083107 4893.79613204594 / -0.0281060820844703 0.790130659378661 -1.70104560742088
100 515.776825294998 4894.43504756219 / -0.0281060820844703 0.790130659378661 -1.70104560742088
101 516.895990832563 4893.26924692686 / -0.0281060820844703 0.0437366664581193 -1.70104560742088
102 516.916266711229 4893.44556090162 / -0.0281060820844703 0.0437366664581193 -1.70104560742088
103 517.074155893355 4893.92306427461 / -0.0281060820844703 0.0437366664581193 -1.70104560742088
104 517.048200668354 4893.35099181036 / -0.0281060820844703 0.0437366664581193 -1.70104560742088
105 517.793994516473 4893.30254853662 / -0.0281060820844703 1.51396616268614 -1.70104560742088
106 517.387317817394 4893.53449818348 / -0.0281060820844703 1.51396616268614 -1.70104560742088
107 517.263364586196 4893.8392416066 / -0.0281060820844703 1.51396616268614 -1.70104560742088
108 517.659412052454 4893.46827855791 / -0.0281060820844703 1.51396616268614 -1.70104560742088
109 527.520726171321 4893.56998885457 / -0.0281060820844703 0.488497299367876 2.6803042416318
110 527.593868808424 4894.00968536612 / -0.0281060820844703 0.488497299367876 2.6803042416318
111 527.566694507479 4894.38413406314 / -0.0281060820844703 0.488497299367876 2.6803042416318
112 527.62806168786 4893.99627036223 / -0.0281060820844703 0.488497299367876 2.6803042416318
113 528.556025955525 4893.41805888242 / 0.216200631420073 0.398911591209639 2.6803042416318
114 528.519558739744 4893.81237669811 / 0.216200631420073 0.398911591209639 2.6803042416318
115 528.403745045521 4894.08771215338 / 0.216200631420073 0.398911591209639 2.6803042416318
116 528.175728899845 4893.6655592792 / 0.216200631420073 0.398911591209639 2.6803042416318
117 529.548010415299 4893.68769101862 / -0.0281060820844703 0.680216560194399 2.6803042416318
118 529.807036980419 4894.11003303932 / -0.0281060820844703 0.680216560194399 2.6803042416318
119 530.337727781937 4894.30737177889 / -0.0281060820844703 0.680216560194399 2.6803042416318
120 529.671072978837 4893.97806561284 / -0.0281060820844703 0.680216560194399 2.6803042416318
121 535.320074741809 4895.4623373033 / 0.541942916092798 -0.318308172678109 0.164910892441089
122 535.663974248658 4894.98878465314 / 0.541942916092798 -0.318308172678109 0.164910892441089
123 535.625084874368 4895.07924865135 / 0.541942916092798 -0.318308172678109 0.164910892441089
124 535.372723373478 4895.64609048629 / 0.541942916092798 -0.318308172678109 0.164910892441089
125 536.235557927114 4894.14024065388 / 0.541942916092798 1.19928140208788 0.164910892441089
126 536.096638505892 4894.56912550852 / 0.541942916092798 1.19928140208788 0.164910892441089
127 536.016241857904 4895.2229051359 / 0.541942916092798 1.19928140208788 0.164910892441089
128 536.257491425883 4894.03188903773 / 0.541942916092798 1.19928140208788 0.164910892441089
129 537.565836654526 4895.41336622028 / 0.541942916092798 1.35531819310063 0.164910892441089
130 537.67815168077 4894.74749842623 / 0.541942916092798 1.35531819310063 0.164910892441089
131 537.682588443196 4894.71786338097 / 0.541942916092798 1.35531819310063 0.164910892441089
132 537.637394137346 4895.58368749773 / 0.541942916092798 1.35531819310063 0.164910892441089
133 551.424019551855 4895.45815033422 / -0.353848366757195 2.76439204817646 1.20179687574329
134 551.188710629264 4895.38258142697 / -0.353848366757195 2.76439204817646 1.20179687574329
135 551.293115710301 4894.89313885796 / -0.353848366757195 2.76439204817646 1.20179687574329
136 551.378237534101 4896.08915360695 / -0.353848366757195 2.76439204817646 1.20179687574329
137 552.00534718235 4896.17375454388 / -0.353848366757195 2.26805307446784 1.20179687574329
138 552.599083187211 4895.47763033365 / -0.353848366757195 2.26805307446784 1.20179687574329
139 552.428825416049 4895.65381283628 / -0.353848366757195 2.26805307446784 1.20179687574329
140 552.01447627814 4896.09840299778 / -0.353848366757195 2.26805307446784 1.20179687574329
141 553.084054554698 4895.12898848268 / -0.353848366757195 1.73779351077384 1.20179687574329
142 553.437306691192 4894.49286255852 / -0.353848366757195 1.73779351077384 1.20179687574329
143 553.215498252605 4894.93174492693 / -0.353848366757195 1.73779351077384 1.20179687574329
144 552.717211255616 4895.18874440359 / -0.353848366757195 1.73779351077384 1.20179687574329
145 562.814295456035 4896.61027426144 / -0.272412795589014 0.599389031493747 0.0114362859612105
146 562.722117156073 4896.24327678838 / -0.272412795589014 0.599389031493747 0.0114362859612105
147 562.616620947514 4895.92869703497 / -0.272412795589014 0.599389031493747 0.0114362859612105
148 562.474929025614 4896.3426171096 / -0.272412795589014 0.599389031493747 0.0114362859612105
149 564.068568833066 4895.42616144159 / -0.272412795589014 2.56761271345928 0.0114362859612105
150 564.413113125054 4895.16469171501 / -0.272412795589014 2.56761271345928 0.0114362859612105
151 564.408002607083 4895.12608027427 / -0.272412795589014 2.56761271345928 0.0114362859612105
152 563.80731695017 4895.3994640774 / -0.272412795589014 2.56761271345928 0.0114362859612105
153 565.35437216659 4895.28586431746 / -0.272412795589014 -0.0756700715406239 0.649042466701467
154 564.767771938835 4895.48768695968 / -0.272412795589014 -0.0756700715406239 0.0114362859612105
155 564.582713663386 4895.46128652296 / -0.272412795589014 -0.0756700715406239 0.0114362859612105
156 565.245860602378 4895.34665157793 / -0.272412795589014 -0.0756700715406239 0.649042466701467
157 574.862867092307 4894.93780179492 / -0.353848366757195 -0.341644521571349 -0.0628542067199148
158 574.894254049 4895.28606886498 / -0.353848366757195 -0.341644521571349 -0.0628542067199148
159 574.900850171845 4895.40267855893 / -0.353848366757195 -0.341644521571349 -0.0628542067199148
160 574.87389414384 4895.52144826804 / -0.353848366757195 -0.341644521571349 -0.0628542067199148
161 575.629203114614 4895.15083930219 / -0.353848366757195 -0.403418194969466 -0.0628542067199148
162 575.523743910196 4895.30896062061 / -0.353848366757195 -0.403418194969466 -0.0628542067199148
163 575.831264389075 4894.96968101593 / -0.353848366757195 -0.403418194969466 -0.0628542067199148
164 575.90092368489 4894.58655582643 / -0.353848366757195 -0.403418194969466 -0.0628542067199148
165 576.607643743963 4897.03437934485 / -0.353848366757195 1.27560918377594 -0.377906300922376
166 576.699379891633 4896.38200430718 / -0.353848366757195 1.27560918377594 -0.377906300922376
167 576.970312490596 4895.94064561369 / -0.353848366757195 1.27560918377594 -0.377906300922376
168 577.144584132133 4896.72454109595 / -0.353848366757195 1.27560918377594 -0.377906300922376
169 591.471797824748 4899.55097011073 / 1.27486305660643 0.824465530284096 0.265452941455109
170 591.596353372781 4900.09940271478 / 1.27486305660643 0.824465530284096 0.265452941455109
171 591.607020475379 4900.29492118939 / 1.27486305660643 0.824465530284096 0.265452941455109
172 591.753395197901 4899.67441547121 / 1.27486305660643 0.824465530284096 0.249148067004323
173 592.36939400346 4899.41395648689 / 1.27486305660643 -0.0661937061425788 0.249148067004323
174 592.362426504916 4900.12498580466 / 1.27486305660643 -0.0661937061425788 0.249148067004323
175 592.433209885823 4900.4624770904 / 1.27486305660643 -0.0661937061425788 0.249148067004323
176 592.407134310656 4900.23792111294 / 1.27486305660643 -0.0661937061425788 0.249148067004323
177 519.929263515948 4885.42055009307 / 0.134765060251892 -0.284678197709495 0.819359092827957
178 520.035001435363 4885.97676941471 / 0.134765060251892 -0.284678197709495 0.819359092827957
179 520.042370199166 4886.16322177262 / 0.134765060251892 -0.284678197709495 0.819359092827957
180 519.969281312426 4885.50880191449 / 0.134765060251892 -0.284678197709495 0.819359092827957
181 520.935236680343 4885.42663719398 / 0.134765060251892 0.673450721766124 0.819359092827957
182 520.921009482323 4885.87020992088 / 0.134765060251892 0.673450721766124 0.819359092827957
183 521.015238935268 4886.37175221663 / 0.134765060251892 0.673450721766124 0.819359092827957
184 521.112965416187 4885.58863578027 / 0.134765060251892 0.673450721766124 0.819359092827957
185 521.858365782424 4885.931726605 / 0.134765060251892 -0.527080599690911 0.819359092827957
186 521.772586545451 4886.216595229 / 0.134765060251892 -0.527080599690911 0.819359092827957
187 521.742138395106 4886.3787735041 / 0.134765060251892 -0.527080599690911 0.819359092827957
188 521.813316027075 4886.08114500836 / 0.134765060251892 -0.527080599690911 0.819359092827957
189 528.40669177803 4882.3836085367 / 0.786249629597341 -0.464456030463583 -0.729343793206477
190 527.976422569251 4882.31355126755 / 0.786249629597341 -0.464456030463583 -0.729343793206477
191 527.856108715235 4882.45921980723 / 0.786249629597341 -0.464456030463583 -0.729343793206477
192 528.243521991321 4882.40748193778 / 0.786249629597341 -0.464456030463583 -0.729343793206477
193 528.866672886444 4881.94029244504 / 0.786249629597341 -0.422300058554342 -0.729343793206477
194 528.936247192222 4882.09186058969 / 0.786249629597341 -0.422300058554342 -0.729343793206477
195 528.899545882249 4881.82646019962 / 0.786249629597341 -0.422300058554342 -0.729343793206477
196 528.812637429337 4881.8667553552 / 0.786249629597341 -0.422300058554342 -0.729343793206477
197 529.64304772986 4881.64841567137 / 0.786249629597341 -0.761194673981573 -0.729343793206477
198 529.691639345706 4881.70964721121 / 0.786249629597341 -0.761194673981573 -0.729343793206477
199 529.834030128567 4881.96239548196 / 0.786249629597341 -0.761194673981573 -0.729343793206477
200 530.013151311877 4881.92549855539 / 0.786249629597341 -0.761194673981573 -0.729343793206477
201 535.720255295321 4883.71955326407 / 0.216200631420073 -0.0079059219945972 -1.2452075970942
202 535.517864304226 4883.31890111768 / 0.216200631420073 -0.0079059219945972 -1.2452075970942
203 535.657830286014 4882.95611251587 / 0.216200631420073 -0.0079059219945972 -1.2452075970942
204 535.572606054332 4883.13149173051 / 0.216200631420073 -0.0079059219945972 -1.2452075970942
205 536.821345952222 4882.05238135912 / 0.216200631420073 -0.292021643751155 -1.17844488195755
206 536.702544976652 4882.10849495711 / 0.216200631420073 -0.292021643751155 -1.17844488195755
207 536.660439786031 4882.32096351168 / 0.216200631420073 -0.292021643751155 -1.17844488195755
208 536.732358728627 4882.2374692371 / 0.216200631420073 -0.292021643751155 -1.17844488195755
209 537.875113709818 4881.91132409532 / 0.216200631420073 -0.868281132666478 -1.17844488195755
210 537.928141097581 4882.24974966653 / 0.216200631420073 -0.868281132666478 -1.17844488195755
211 537.869643922471 4882.65151579871 / 0.216200631420073 -0.868281132666478 -1.17844488195755
212 537.92556793426 4882.27261598249 / 0.216200631420073 -0.868281132666478 -1.17844488195755
213 575.363029097647 4883.04056808643 / -0.190977224420832 -0.847774117589828 0.291318106157851
214 575.336582331847 4882.8427960115 / -0.190977224420832 -0.847774117589828 0.229827266960268
215 575.376384038678 4882.83392889114 / -0.190977224420832 -0.847774117589828 0.229827266960268
216 575.165788128847 4882.66244621259 / -0.190977224420832 -0.847774117589828 0.229827266960268
217 576.275872195335 4882.95742146852 / -0.190977224420832 -0.727173623748231 0.291318106157851
218 576.682676333317 4883.06002966869 / -0.190977224420832 -0.727173623748231 -0.138082053448658
219 576.782901616849 4883.05484038608 / -0.190977224420832 -0.727173623748231 -0.138082053448658
220 576.336188111567 4882.97040808714 / -0.190977224420832 -0.727173623748231 0.291318106157851
221 577.176855228545 4885.03542553138 / -0.190977224420832 -1.08642675460637 -0.138082053448658
222 577.298475662675 4884.76564694699 / -0.190977224420832 -1.08642675460637 -0.138082053448658
223 577.372457932395 4884.65337138427 / -0.190977224420832 -1.08642675460637 -0.138082053448658
224 577.246720273222 4884.96123947634 / -0.190977224420832 -1.08642675460637 -0.138082053448658
225 552.089901459234 4878.30583253439 / 2.2520899106246 -1.18898584416317 -0.817729661548487
226 551.705020327994 4878.20958767208 / 2.2520899106246 -1.18898584416317 -0.817729661548487
227 551.719826070814 4878.1919070947 / 2.2520899106246 -1.18898584416317 -0.817729661548487
228 551.949355747116 4878.22591295676 / 2.2520899106246 -1.18898584416317 -0.817729661548487
229 552.909684495831 4878.58056987008 / 2.2520899106246 -0.593473692947287 -0.817729661548487
230 552.396873378856 4878.3595330953 / 2.2520899106246 -0.593473692947287 -0.817729661548487
231 552.446923438901 4878.36840465965 / 2.2520899106246 -0.593473692947287 -0.817729661548487
232 552.893167836874 4878.58255680014 / 2.2520899106246 -0.593473692947287 -0.817729661548487
233 553.462033265073 4880.40322086626 / 2.2520899106246 -0.159340740151219 -0.817729661548487
234 553.381068899636 4880.06443295864 / 2.2520899106246 -0.159340740151219 -0.817729661548487
235 553.364353276699 4880.31810806973 / 2.2520899106246 -0.159340740151219 -0.817729661548487
236 553.461974877829 4880.41042372434 / 2.2520899106246 -0.159340740151219 -0.817729661548487
237 563.36133520002 4881.37226746788 / 1.19342748543825 0.199170209106501 -0.48419492707702
238 563.562497635814 4881.0364858584 / 1.19342748543825 0.199170209106501 -0.48419492707702
239 563.895790066176 4880.74902256642 / 1.19342748543825 0.199170209106501 -0.48419492707702
240 563.488515753041 4881.16967343367 / 1.19342748543825 0.199170209106501 -0.48419492707702
241 564.11336933796 4880.67825238254 / 1.19342748543825 1.46923753488991 -0.48419492707702
242 564.297324293189 4880.29571367053 / 1.19342748543825 1.46923753488991 -0.48419492707702
243 564.924055902721 4879.4416652244 / 1.19342748543825 1.46923753488991 -0.48419492707702
244 564.177741497122 4880.65472524004 / 1.19342748543825 1.46923753488991 -0.48419492707702
245 565.099215965756 4879.33999889615 / 1.19342748543825 -1.23894135596206 0.00715563870690227
246 565.274347426346 4879.17943873994 / 1.19342748543825 -1.23894135596206 0.00715563870690227
247 565.359593008909 4879.08748393762 / 1.19342748543825 -1.23894135596206 0.00715563870690227
248 565.155135031905 4879.30792328998 / 1.19342748543825 -1.23894135596206 0.00715563870690227
249 528.445814394159 4869.88629302119 / 0.70481405842916 -0.431373948685582 -1.25432394304394
250 528.344547012354 4870.24345809436 / 0.70481405842916 -0.431373948685582 -1.25432394304394
251 528.297144524182 4870.31062335246 / 0.70481405842916 -0.431373948685582 -1.25432394304394
252 528.551446387814 4869.79522885739 / 0.70481405842916 -0.431373948685582 -1.25432394304394
253 529.241920419562 4871.94978288984 / 0.70481405842916 0.438170462887767 -1.25432394304394
254 529.070043303932 4871.39270886671 / 0.70481405842916 0.438170462887767 -1.25432394304394
255 529.104516219947 4871.4814132094 / 0.70481405842916 0.438170462887767 -1.25432394304394
256 529.132836088787 4871.85820621361 / 0.70481405842916 0.438170462887767 -1.25432394304394
257 530.366057825864 4869.71856765581 / 0.70481405842916 -0.942933907826235 -1.25432394304394
258 530.414398934553 4869.8505596077 / 0.70481405842916 -0.942933907826235 -1.25432394304394
259 530.666156047605 4870.18856225285 / 0.70481405842916 -0.942933907826235 -1.25432394304394
260 530.473392678177 4869.79532719145 / 0.70481405842916 -0.942933907826235 -1.25432394304394
261 540.020003639071 4870.44148339881 / -1.08676850727082 1.14929146478163 -1.40393487866157
262 540.121691019966 4870.82512929083 / -1.08676850727082 1.14929146478163 -1.40393487866157
263 540.039881788876 4870.99835217477 / -1.08676850727082 1.14929146478163 -1.40393487866157
264 539.844203717674 4870.47516553455 / -1.08676850727082 1.14929146478163 -1.40393487866157
265 541.135665476454 4870.89194677276 / -1.08676850727082 0.460031920058333 -1.40393487866157
266 540.956311370446 4871.20268087256 / -1.08676850727082 0.460031920058333 -1.40393487866157
267 540.943048197757 4871.46826322763 / -1.08676850727082 0.460031920058333 -1.40393487866157
268 541.023502501635 4870.92429860104 / -1.08676850727082 0.460031920058333 -1.40393487866157
269 542.225349320779 4870.49968021274 / -1.08676850727082 2.40667131485897 -1.29047047634501
270 542.44405286487 4871.12435323639 / -1.08676850727082 2.40667131485897 -1.29047047634501
271 542.233871143033 4870.88954495323 / -1.08676850727082 2.40667131485897 -1.29047047634501
272 541.633354585308 4870.65100492898 / -1.08676850727082 2.40667131485897 -1.40393487866157
273 551.37959749894 4871.1699310307 / -1.00533293610264 1.18371728516628 -0.17436968006389
274 552.045137799463 4870.56116989883 / -1.00533293610264 1.18371728516628 -0.17436968006389
275 551.57390209735 4871.12314017994 / -1.00533293610264 1.18371728516628 -0.17436968006389
276 551.62083937543 4871.30273862972 / -1.00533293610264 1.18371728516628 -0.17436968006389
277 553.159904187039 4870.87044931663 / -1.00533293610264 -0.353197549375771 -0.17436968006389
278 552.729958224691 4870.92590451222 / -1.00533293610264 -0.353197549375771 -0.17436968006389
279 552.625506311312 4870.75050188046 / -1.00533293610264 -0.353197549375771 -0.17436968006389
280 553.026501688552 4870.79734647981 / -1.00533293610264 -0.353197549375771 -0.17436968006389
281 553.535696329393 4870.93068141833 / -1.00533293610264 0.603076502629093 -0.17436968006389
282 553.677798858746 4870.68565267328 / -1.00533293610264 0.603076502629093 0.532218698706565
283 553.780614958618 4870.90809273278 / -1.00533293610264 0.603076502629093 0.532218698706565
284 553.778381860006 4870.80595870073 / -1.00533293610264 0.603076502629093 0.532218698706565
285 563.438191292085 4872.98688897978 / -0.435283937925376 0.301642879267488 0.166453175955611
286 562.848254403146 4872.76091356283 / -0.435283937925376 0.301642879267488 0.166453175955611
287 562.843557552315 4872.73968294769 / -0.435283937925376 0.301642879267488 0.166453175955611
288 563.542331723781 4872.97051535926 / -0.435283937925376 0.301642879267488 0.166453175955611
289 564.66336082597 4871.92332618114 / -0.435283937925376 -0.243602960148138 0.166453175955611
290 564.681004851863 4872.49596126645 / -0.435283937925376 -0.243602960148138 0.166453175955611
291 564.580514133291 4872.57591211896 / -0.435283937925376 -0.243602960148138 0.166453175955611
292 564.626549521348 4872.12169737539 / -0.435283937925376 -0.243602960148138 0.166453175955611
293 565.50487020872 4872.13669582006 / -0.435283937925376 -0.699248505278565 0.0256374874200094
294 565.674264547116 4872.51210865814 / -0.435283937925376 -0.699248505278565 0.0256374874200094
295 565.377066596302 4872.50323163822 / -0.435283937925376 -0.699248505278565 0.0256374874200094
296 565.280357176631 4872.19930682686 / -0.435283937925376 -0.699248505278565 0.0256374874200094
297 587.337980743794 4872.05679801364 / 1.68204091244733 -0.85568579350649 0.104368784464721
298 587.270994904542 4871.6618108877 / 1.68204091244733 -0.85568579350649 0.104368784464721
299 587.431211284442 4872.0393838987 / 1.68204091244733 -0.85568579350649 0.104368784464721
300 587.330475928109 4872.11560211629 / 1.68204091244733 -0.85568579350649 0.104368784464721
301 588.179693392862 4872.29849761593 / 1.68204091244733 -0.450846809726779 0.683643245660867
302 588.149807738311 4871.97052661762 / 1.68204091244733 -0.450846809726779 0.683643245660867
303 588.341159671021 4871.93578883248 / 1.68204091244733 -0.450846809726779 0.683643245660867
304 588.269047381091 4872.29629939642 / 1.68204091244733 -0.450846809726779 0.683643245660867
305 589.241281649624 4872.06483416036 / 1.68204091244733 -0.660695988766256 0.683643245660867
306 589.28600172146 4872.42267599258 / 1.68204091244733 -0.660695988766256 0.683643245660867
307 589.155409537416 4872.17131413687 / 1.68204091244733 -0.660695988766256 0.683643245660867
308 589.210888243211 4871.86864246858 / 1.68204091244733 -0.660695988766256 0.683643245660867
309 528.796547826856 4858.01296668989 / -1.16820407843901 2.51286912972262 -1.78038002829057
310 529.006684614493 4858.74220261334 / -1.16820407843901 2.51286912972262 -1.78038002829057
311 528.934061501371 4859.09058283569 / -1.16820407843901 2.51286912972262 -1.78038002829057
312 528.8448474921 4858.18392264643 / -1.16820407843901 2.51286912972262 -1.78038002829057
313 529.34260235906 4857.89968977139 / -1.16820407843901 1.09963666764034 -1.78038002829057
314 529.72167417424 4858.666134236 / -1.16820407843901 1.09963666764034 -1.78038002829057
315 529.52183760666 4858.8105694065 / -1.16820407843901 1.09963666764034 -1.78038002829057
316 529.586074910318 4858.28547934955 / -1.16820407843901 1.09963666764034 -1.78038002829057
317 530.598879263145 4858.10957670117 / -1.41251079194355 0.0103722194020938 -1.78038002829057
318 530.748841818896 4858.55344906117 / -1.41251079194355 0.0103722194020938 -1.78038002829057
319 530.6757379672 4858.7213166756 / -1.41251079194355 0.0103722194020938 -1.78038002829057
320 530.544821597938 4858.26736405904 / -1.41251079194355 0.0103722194020938 -1.78038002829057
321 540.529676268568 4859.42706915879 / -1.16820407843901 -1.75232370755175 -0.8702856052842
322 540.523653628509 4859.60964577778 / -1.16820407843901 -1.75232370755175 -0.8702856052842
323 540.399174875491 4859.72243829285 / -1.16820407843901 -1.75232370755175 -0.8702856052842
324 540.36506948211 4859.78832742118 / -1.16820407843901 -1.75232370755175 -0.8702856052842
325 541.378142479207 4858.3027226116 / -1.16820407843901 1.45389768995311 -0.419303835587913
326 540.954699254439 4859.17842391976 / -1.16820407843901 1.45389768995311 -0.8702856052842
327 540.97380826807 4859.25946850594 / -1.16820407843901 1.45389768995311 -0.8702856052842
328 541.279785152891 4858.05212895409 / -1.16820407843901 1.45389768995311 -0.419303835587913
329 542.37467204718 4858.42510016418 / -1.16820407843901 -1.38829562682883 -0.651001061191646
330 542.431132410121 4858.60553315833 / -1.16820407843901 -1.38829562682883 -0.651001061191646
331 542.25633264294 4858.6226373667 / -1.16820407843901 -1.38829562682883 -0.651001061191646
332 542.125528465003 4858.75866133327 / -1.16820407843901 -1.38829562682883 -0.419303835587913
333 552.241568758391 4858.4360707981 / -1.33107522077537 -0.551230847726572 -0.357438701446972
334 552.137876042535 4858.91701211071 / -1.33107522077537 -0.551230847726572 -0.357438701446972
335 552.1660284896 4858.84520374261 / -1.33107522077537 -0.551230847726572 -0.357438701446972
336 552.307828603497 4858.42896612691 / -1.33107522077537 -0.551230847726572 -0.357438701446972
337 553.234440946396 4858.76216158634 / -1.41251079194355 -1.36145357205436 -0.357438701446972
338 553.296866600097 4858.92621390072 / -1.41251079194355 -1.36145357205436 -0.357438701446972
339 553.259882553861 4859.02887842766 / -1.41251079194355 -1.36145357205436 -0.357438701446972
340 553.294142539673 4858.88424534005 / -1.41251079194355 -1.36145357205436 -0.357438701446972
341 554.232237960328 4859.07276483569 / -1.41251079194355 -0.530322425635164 0.34422960149369
342 554.259133471342 4859.4572903305 / -1.41251079194355 -0.530322425635164 0.398096754866158
343 554.141613917639 4859.51353250699 / -1.41251079194355 -0.530322425635164 0.398096754866158
344 554.12288110225 4859.10449915179 / -1.41251079194355 -0.530322425635164 0.34422960149369
345 564.041278315713 4859.24318119984 / -1.49394636311173 0.0665953728818928 1.03701275082375
346 564.056828772656 4859.72807060147 / -1.49394636311173 0.0665953728818928 1.03701275082375
347 563.929777443261 4860.12895898217 / -1.49394636311173 0.0665953728818928 1.03701275082375
348 563.964701342822 4859.30303621489 / -1.49394636311173 0.0665953728818928 1.03701275082375
349 565.036405143924 4859.08463680946 / -1.49394636311173 -1.05835576534466 0.129253023545313
350 564.961610456253 4859.33644391777 / -1.49394636311173 -1.05835576534466 1.03701275082375
351 564.939981728589 4859.22903006926 / -1.49394636311173 -1.05835576534466 1.03701275082375
352 565.065063211258 4859.03703689942 / -1.49394636311173 -1.05835576534466 -0.0732589670393848
353 566.009732096197 4859.15059695764 / -1.49394636311173 -0.386805094177637 0.459992570442238
354 566.148846517119 4859.02994897789 / -1.49394636311173 -0.386805094177637 -0.0732589670393848
355 566.082589808026 4858.91276506942 / -1.49394636311173 -0.386805094177637 -0.0732589670393848
356 566.432660659207 4859.02854607466 / -1.49394636311173 -0.386805094177637 -0.0732589670393848
357 575.630267763152 4861.34860616112 / -1.08676850727082 1.5815148966564 -0.339997536629195
358 575.762788485577 4860.63696427314 / -1.08676850727082 1.5815148966564 -0.339997536629195
359 575.767401989484 4859.80352138304 / -1.08676850727082 1.5815148966564 -0.339997536629195
360 574.987982203329 4860.8150328067 / -1.08676850727082 1.5815148966564 -0.339997536629195
361 576.860181639887 4860.33770906619 / -1.08676850727082 0.835720448565578 -0.4008720234636
362 576.815575781252 4861.3846814449 / -1.08676850727082 0.835720448565578 -0.4008720234636
363 576.629249502089 4860.85793562599 / -1.08676850727082 0.835720448565578 -0.4008720234636
364 576.644576448194 4859.84918495208 / -1.08676850727082 0.835720448565578 -0.4008720234636
365 577.75267714984 4861.16126660592 / -1.08676850727082 1.37354818824938 -0.4008720234636
366 577.760989959243 4860.24268995458 / -1.08676850727082 1.37354818824938 -0.4008720234636
367 577.82061461621 4859.75735593274 / -1.08676850727082 1.37354818824938 -0.4008720234636
368 577.95569387411 4860.88524992047 / -1.08676850727082 1.37354818824938 -0.4008720234636
369 547.09613405699 4887.98335534723 / 0.623378487260979 -1.69044614790392 -0.594245908461307
370 547.118768218927 4888.06063447336 / 0.623378487260979 -1.69044614790392 -0.594245908461307
371 547.117087377105 4887.95469212492 / 0.623378487260979 -1.69044614790392 -0.594245908461307
372 547.113806514813 4887.90127972607 / 0.623378487260979 -1.69044614790392 -0.594245908461307
373 548.18885430242 4887.59593347143 / 0.623378487260979 -0.611828952391611 -0.594245908461307
374 548.309136079583 4887.67096689406 / 0.623378487260979 -0.611828952391611 -0.594245908461307
375 548.345556525326 4887.53140544721 / 0.623378487260979 -0.611828952391611 -1.07058962746042
376 548.539811276166 4887.34088818826 / 0.623378487260979 -0.611828952391611 -1.07058962746042
377 549.239117229899 4886.29312846655 / 0.623378487260979 -1.27831170030497 -1.07058962746042
378 549.370187467838 4886.3970749594 / 0.623378487260979 -1.27831170030497 -1.07058962746042
379 549.409697379045 4886.41898138346 / 0.623378487260979 -1.27831170030497 -1.07058962746042
380 549.231257129821 4886.28290060696 / 0.623378487260979 -1.27831170030497 -1.07058962746042
381 552.531112349986 4848.85626004338 / -1.57538193427991 -0.363882738420355 -0.749563160203735
382 552.501648193289 4848.46622219834 / -1.57538193427991 -0.363882738420355 -0.749563160203735
383 552.440070121627 4848.2564286468 / -1.57538193427991 -0.363882738420355 -0.749563160203735
384 552.495848177874 4848.5017680388 / -1.57538193427991 -0.363882738420355 -0.749563160203735
385 553.608323338357 4846.96326580629 / -1.57538193427991 -0.515613030832978 -0.749563160203735
386 553.686761443181 4847.21218739351 / -1.57538193427991 -0.515613030832978 -0.363187083198823
387 553.742693596463 4847.28127785742 / -1.57538193427991 -0.515613030832978 -0.363187083198823
388 553.573998836582 4846.87994432895 / -1.57538193427991 -0.515613030832978 -0.749563160203735
389 554.657020709568 4847.1238932167 / -1.57538193427991 -0.454849181441747 -0.363187083198823
390 554.626687684039 4847.45370939367 / -1.57538193427991 -0.454849181441747 -0.363187083198823
391 554.603129571816 4847.48148073325 / -1.57538193427991 -0.454849181441747 -0.363187083198823
392 554.518739548342 4847.13928464724 / -1.57538193427991 -0.454849181441747 -0.363187083198823
393 564.306424700327 4848.29430224729 / -1.49394636311173 1.16484158760227 0.0572750443893629
394 564.223452684256 4848.55790009799 / -1.49394636311173 1.16484158760227 0.0572750443893629
395 564.209251071894 4847.99337423165 / -1.49394636311173 1.16484158760227 0.0572750443893629
396 564.323077868398 4847.77710629729 / -1.49394636311173 1.16484158760227 0.0572750443893629
397 565.431093776692 4847.80230095783 / -1.49394636311173 -0.533022711185125 0.203645180208878
398 565.521505267124 4848.16123005932 / -1.49394636311173 -0.533022711185125 0.203645180208878
399 565.431757370702 4848.48449210958 / -1.49394636311173 -0.533022711185125 0.203645180208878
400 565.235551489439 4848.14571261086 / -1.49394636311173 -0.533022711185125 0.203645180208878
401 566.346743925352 4849.26301442859 / -1.49394636311173 -0.514405139316381 0.203645180208878
402 566.292880641575 4849.00061928079 / -1.49394636311173 -0.514405139316381 0.203645180208878
403 566.443567828843 4848.78729564249 / -1.49394636311173 -0.514405139316381 0.203645180208878
404 566.505520413908 4849.22307360516 / -1.49394636311173 -0.514405139316381 0.203645180208878
405 580.116909771578 4847.8194762659 / 1.11199191427007 -1.00036697754452 0.395633446085112
406 580.081126336959 4848.08939000725 / 1.11199191427007 -1.00036697754452 0.395633446085112
407 580.095249579895 4848.242105294 / 1.11199191427007 -1.00036697754452 0.395633446085112
408 580.011052017145 4848.7601732639 / 1.11199191427007 -1.00036697754452 0.395633446085112
409 581.137989078384 4847.92632464581 / 1.11199191427007 -0.843189918227474 0.0586301204338118
410 580.983264782523 4848.53123744007 / 1.11199191427007 -0.843189918227474 0.0586301204338118
411 580.802400940547 4848.91506791659 / 1.11199191427007 -0.843189918227474 0.0586301204338118
412 580.810353413518 4849.17025588982 / 1.11199191427007 -0.843189918227474 0.0586301204338118
413 581.734916553529 4849.82053933942 / 1.11199191427007 -0.0534065729915723 -0.217726263363882
414 582.113600797048 4849.52688330352 / 1.11199191427007 -0.0534065729915723 0.0586301204338118
415 581.970206174999 4848.80772259042 / 1.11199191427007 -0.0534065729915723 0.0586301204338118
416 581.946839211232 4848.31165861845 / 1.11199191427007 -0.0534065729915723 0.0586301204338118
417 586.032840571553 4916.69759092664 / -0.435283937925376 0.844766946282913 -1.15834278277555
418 585.806774630864 4916.42126463622 / -0.435283937925376 0.844766946282913 -1.15834278277555
419 585.942682155038 4915.65386780866 / -0.435283937925376 0.844766946282913 -0.868188152632245
420 585.795220475688 4916.32957351476 / -0.435283937925376 0.844766946282913 -1.15834278277555
421 586.882269944139 4915.24548513697 / -0.435283937925376 0.58375998802319 -0.868188152632245
422 586.946971711475 4915.40781338302 / -0.435283937925376 0.58375998802319 -0.868188152632245
423 587.115261503676 4916.00464486316 / -0.435283937925376 0.58375998802319 -0.868188152632245
424 586.799462929902 4916.07883687959 / -0.435283937925376 0.58375998802319 -1.15834278277555
425 587.86515572784 4915.0624314087 / -0.435283937925376 -0.275045655195523 -0.868188152632245
426 587.922422465465 4915.1877992328 / -0.435283937925376 -0.275045655195523 -0.916572174810932
427 588.114801263125 4915.79515416041 / -0.435283937925376 -0.275045655195523 -0.916572174810932
428 587.954477449957 4915.60524796551 / -0.435283937925376 -0.275045655195523 -0.916572174810932
429 568.458827002816 4841.86676594773 / 1.35629862777461 0.506150454502186 0.507364514523377
430 568.627464241075 4841.12487453428 / 1.35629862777461 0.506150454502186 0.507364514523377
431 568.861329663776 4841.21372061865 / 1.35629862777461 0.506150454502186 0.631021338012689
432 568.709172404681 4841.96425024451 / 1.35629862777461 0.506150454502186 0.507364514523377
433 569.405611948338 4841.71213909977 / 1.35629862777461 1.43038362300978 0.631021338012689
434 569.430901101156 4840.69844671074 / 1.35629862777461 1.43038362300978 0.631021338012689
435 569.677791410577 4840.65907069088 / 1.35629862777461 1.43038362300978 0.631021338012689
436 569.709257828436 4841.76657286171 / 1.35629862777461 1.43038362300978 0.631021338012689
437 570.50455343463 4841.29612200755 / 1.35629862777461 -0.320217066773901 0.631021338012689
438 570.475997516049 4840.62422721105 / 1.35629862777461 -0.320217066773901 0.631021338012689
439 570.64806606254 4840.85993763731 / 1.35629862777461 -0.320217066773901 0.631021338012689
440 570.712652844436 4841.49365772748 / 1.35629862777461 -0.320217066773901 0.631021338012689
441 572.866067937274 4832.92844440466 / -0.923897364934463 0.274906901868883 1.83305797349229
442 572.580351341248 4832.49060805944 / -0.923897364934463 0.274906901868883 2.32970811425259
443 572.799212115533 4831.88876520207 / -0.923897364934463 0.274906901868883 1.83305797349229
444 572.921956934322 4832.54262405629 / -0.923897364934463 0.274906901868883 1.83305797349229
445 573.860658896595 4832.86053284453 / -0.923897364934463 -0.411178665652705 1.83305797349229
446 573.744178646796 4833.15542708764 / -0.923897364934463 -0.411178665652705 1.83305797349229
447 573.396713952146 4833.36007712761 / -0.923897364934463 -0.411178665652705 1.83305797349229
448 573.844201293 4833.46033584878 / -0.923897364934463 -0.411178665652705 1.83305797349229
449 574.480918937171 4833.08731401316 / -0.923897364934463 0.169846620916133 1.83305797349229
450 574.863123623375 4832.03651756922 / -0.923897364934463 0.169846620916133 1.83305797349229
451 575.136987912945 4832.25780038789 / -0.923897364934463 0.169846620916133 1.83305797349229
452 575.564862585687 4832.24566636526 / -0.923897364934463 0.169846620916133 1.83305797349229
453 566.3061403 4848.965126 / 1.54532358902468 0.653021069230334 -0.60648360563425
454 566.2428128 4848.916845 / 1.54532358902468 0.653021069230334 -0.60648360563425
455 566.3079393 4848.444868 / 1.54532358902468 0.653021069230334 -0.60648360563425
456 566.236777 4848.722736 / 1.54532358902468 0.653021069230334 -0.60648360563425
457 521.7837373 4886.018757 / -1.69373531821948 1.19698264432443 3.46313151257206
458 521.742571 4886.637734 / -1.69373531821948 1.19698264432443 3.46313151257206
459 521.8085174 4886.894417 / -1.69373531821948 1.19698264432443 3.46313151257206
460 522.6310032 4886.267306 / -1.69373531821948 1.19698264432443 3.46313151257206
461 520.9583012 4885.377195 / -1.69373531821948 0.647353056818064 3.46313151257206
462 520.8629469 4886.103299 / -1.69373531821948 0.647353056818064 3.46313151257206
463 521.1259207 4886.37593 / -1.69373531821948 0.647353056818064 3.46313151257206
464 520.7806299 4885.493146 / -1.69373531821948 0.647353056818064 3.46313151257206
465 537.9272794 4882.284025 / -1.56915612947932 3.0962547375455 -0.124743422073409
466 537.9481616 4882.091322 / -1.56915612947932 3.0962547375455 -0.124743422073409
467 537.8128963 4882.603037 / -1.56915612947932 3.0962547375455 -0.124743422073409
468 537.4467898 4882.019589 / -1.56915612947932 3.0962547375455 -0.124743422073409
469 536.7435555 4882.039735 / -1.56915612947932 -0.339785506298108 -0.124743422073409
470 536.5394986 4882.227092 / -1.56915612947932 -0.339785506298108 -0.124743422073409
471 536.5940416 4882.366347 / -1.56915612947932 -0.339785506298108 -0.124743422073409
472 536.7355278 4882.158649 / -1.56915612947932 -0.339785506298108 -0.124743422073409
473 535.8663442 4884.04977 / -1.56915612947932 0.720742670070454 -0.571111890919366
474 535.6317337 4883.495352 / -1.56915612947932 0.720742670070454 -0.571111890919366
475 535.6161313 4882.946567 / -1.56915612947932 0.720742670070454 -0.571111890919366
476 535.7923023 4883.787235 / -1.56915612947932 0.720742670070454 -0.571111890919366
477 547.9129981 4905.921307 / -1.44457694073916 -0.214333254670978 0.119899454922735
478 547.86573 4906.2983 / -1.44457694073916 -0.214333254670978 0.119899454922735
479 548.0224993 4906.14116 / -1.44457694073916 -0.214333254670978 0.119899454922735
480 547.8144307 4905.645108 / -1.44457694073916 -0.214333254670978 0.119899454922735
481 546.9308405 4906.13146 / -1.44457694073916 -0.281893286782272 0.119899454922735
482 546.7543309 4906.498648 / -1.44457694073916 -0.281893286782272 0.119899454922735
483 546.7058836 4906.838428 / -1.44457694073916 -0.281893286782272 -0.603666853389337
484 546.8017648 4906.446113 / -1.44457694073916 -0.281893286782272 0.119899454922735
485 548.699075 4906.224695 / -1.44457694073916 0.39232527662631 0.119899454922735
486 548.8954964 4906.624271 / -1.44457694073916 0.39232527662631 -0.603666853389337
487 548.8899339 4907.069662 / -1.44457694073916 0.39232527662631 -0.603666853389337
488 548.5364142 4906.20638 / -1.44457694073916 0.39232527662631 0.119899454922735
489 542.4917334 4871.211639 / -1.319997751999 2.53253601248244 -0.94576105834985
490 542.2536329 4870.826359 / -1.319997751999 2.53253601248244 -0.94576105834985
491 541.9898254 4870.456253 / -1.319997751999 2.53253601248244 -0.825467375183897
492 541.7993946 4870.564897 / -1.319997751999 2.53253601248244 -0.825467375183897
493 540.7539314 4871.496155 / -1.319997751999 2.31147305693528 -0.825467375183897
494 540.8599064 4871.137157 / -1.319997751999 2.31147305693528 -0.825467375183897
495 541.1493316 4870.887818 / -1.319997751999 2.31147305693528 -0.825467375183897
496 541.5421541 4870.752544 / -1.319997751999 2.31147305693528 -0.825467375183897
497 540.3448757 4870.858649 / -1.319997751999 -0.14517931985967 -0.825467375183897
498 540.1314427 4870.654533 / -1.319997751999 -0.14517931985967 -0.825467375183897
499 539.7667912 4870.403086 / -1.319997751999 -0.14517931985967 -0.825467375183897
500 540.0468487 4870.242167 / -1.319997751999 -0.14517931985967 -0.825467375183897
501 529.3668947 4893.692165 / -0.57252261955804 0.138618064761456 2.18913730284764
502 529.5939984 4893.941545 / -0.57252261955804 0.138618064761456 2.18913730284764
503 530.1018583 4893.950074 / -0.57252261955804 0.138618064761456 2.18913730284764
504 529.6042951 4893.961807 / -0.57252261955804 0.138618064761456 2.18913730284764
505 528.5996658 4893.783636 / -0.57252261955804 -0.23976714749592 2.18913730284764
506 528.1232548 4893.9483 / -0.57252261955804 -0.23976714749592 2.18913730284764
507 528.1584502 4893.623116 / -0.57252261955804 -0.23976714749592 2.18913730284764
508 528.5292985 4893.315932 / -0.57252261955804 -0.23976714749592 2.18913730284764
509 527.5560627 4893.58735 / -0.57252261955804 -0.246698497441832 2.18913730284764
510 527.492298 4893.948739 / -0.57252261955804 -0.246698497441832 2.18913730284764
511 527.5135827 4894.113439 / -0.57252261955804 -0.246698497441832 2.18913730284764
512 527.6027254 4894.083157 / -0.57252261955804 -0.246698497441832 2.18913730284764
513 546.8784856 4887.992598 / -0.44794343081788 0.658903500992423 -0.793378787934607
514 547.0952694 4887.76555 / -0.44794343081788 0.658903500992423 -0.793378787934607
515 547.1038561 4887.985099 / -0.44794343081788 0.658903500992423 -0.793378787934607
516 546.8421919 4888.001114 / -0.44794343081788 0.658903500992423 -0.793378787934607
517 548.8667844 4888.128027 / -0.44794343081788 0.313981575558878 -0.793378787934607
518 548.4550563 4888.004908 / -0.44794343081788 0.313981575558878 -0.793378787934607
519 548.7599476 4887.779786 / -0.44794343081788 0.313981575558878 -0.793378787934607
520 548.5250528 4887.591441 / -0.44794343081788 0.313981575558878 -0.793378787934607
521 549.3363659 4886.33564 / -0.44794343081788 -0.297866807750007 -1.02536952655939
522 549.3608048 4886.608073 / -0.44794343081788 -0.297866807750007 -1.02536952655939
523 549.3833324 4886.900374 / -0.44794343081788 -0.297866807750007 -1.02536952655939
524 549.3641893 4886.754164 / -0.44794343081788 -0.297866807750007 -1.02536952655939
525 525.3039432 4901.77244 / -0.32336424207772 0.180311288189196 0.913468215479083
526 525.04526 4902.213635 / -0.32336424207772 0.180311288189196 -0.187444308072582
527 525.0831137 4901.89444 / -0.32336424207772 0.180311288189196 -0.187444308072582
528 525.3406979 4901.452354 / -0.32336424207772 0.180311288189196 0.913468215479083
529 524.1743478 4902.531924 / -0.32336424207772 -0.0845421249317434 -0.187444308072582
530 524.077828 4901.760599 / -0.32336424207772 -0.0845421249317434 0.913468215479083
531 524.5753993 4902.010588 / -0.32336424207772 -0.0845421249317434 -0.187444308072582
532 524.4080972 4902.27332 / -0.32336424207772 -0.0845421249317434 -0.187444308072582
533 523.4115624 4901.199702 / -0.32336424207772 -0.895974257248107 0.913468215479083
534 523.2739891 4901.302178 / -0.32336424207772 -0.895974257248107 0.913468215479083
535 523.1827357 4901.488681 / -0.32336424207772 -0.895974257248107 0.913468215479083
536 523.2892794 4901.558925 / -0.32336424207772 -0.895974257248107 0.913468215479083
537 551.6807174 4896.215711 / -0.19878505333756 4.60708697413823 0.416135554181091
538 551.2017109 4895.428516 / -0.19878505333756 4.60708697413823 0.416135554181091
539 551.2519058 4894.832304 / -0.19878505333756 4.60708697413823 0.416135554181091
540 551.2674898 4895.466241 / -0.19878505333756 4.60708697413823 0.416135554181091
541 551.8493811 4896.111516 / -0.19878505333756 1.51369274708136 0.416135554181091
542 552.1733718 4895.72364 / -0.19878505333756 1.51369274708136 0.416135554181091
543 552.1965696 4895.70994 / -0.19878505333756 1.51369274708136 0.416135554181091
544 551.9515743 4896.109325 / -0.19878505333756 1.51369274708136 0.416135554181091
545 552.5862437 4895.385922 / -0.19878505333756 1.12909365552677 0.416135554181091
546 552.9844904 4895.1232 / -0.19878505333756 1.12909365552677 0.416135554181091
547 553.079826 4895.13119 / -0.19878505333756 1.12909365552677 0.416135554181091
548 552.7785192 4895.340589 / -0.19878505333756 1.12909365552677 0.416135554181091
549 574.3546614 4908.658769 / -0.0742058645973997 1.76038227915874 0.134637621866669
550 573.8041817 4908.582656 / -0.0742058645973997 1.76038227915874 0.134637621866669
551 573.7440605 4907.634726 / -0.0742058645973997 1.76038227915874 0.134637621866669
552 573.796606 4907.29661 / -0.0742058645973997 1.76038227915874 0.134637621866669
553 575.1477209 4907.720469 / -0.0742058645973997 -0.122394414723089 0.134637621866669
554 575.0451798 4907.885259 / -0.0742058645973997 -0.122394414723089 0.134637621866669
555 574.8594167 4908.193512 / -0.0742058645973997 -0.122394414723089 0.134637621866669
556 574.6085415 4908.450926 / -0.0742058645973997 -0.122394414723089 0.134637621866669
557 542.3416742 4858.602977 / 1.29616521154436 -0.436247423916147 0.127050212409052
558 542.2737034 4859.108247 / 1.29616521154436 -0.436247423916147 0.127050212409052
559 542.1035911 4858.963441 / 1.29616521154436 -0.436247423916147 0.481126216686593
560 542.2456831 4858.613251 / 1.29616521154436 -0.436247423916147 0.127050212409052
561 540.1946565 4859.867159 / 1.29616521154436 -0.327066620218568 0.216183076780708
562 539.939716 4860.17284 / 1.29616521154436 -0.327066620218568 0.216183076780708
563 540.1470272 4859.813557 / 1.29616521154436 -0.327066620218568 0.216183076780708
564 540.4120366 4859.533492 / 1.29616521154436 -0.327066620218568 0.216183076780708
565 541.3171312 4860.108409 / 1.29616521154436 0.513709262077821 0.216183076780708
566 541.3164995 4859.603369 / 1.29616521154436 0.513709262077821 0.216183076780708
567 540.9193398 4859.24182 / 1.29616521154436 0.513709262077821 0.216183076780708
568 540.9901836 4859.854697 / 1.29616521154436 0.513709262077821 0.216183076780708
569 565.1073555 4871.586095 / 1.42074440028452 0.826193498640628 0.260540465512432
570 564.8859778 4871.567146 / 1.42074440028452 0.826193498640628 1.30177225598217
571 564.8509495 4871.205797 / 1.42074440028452 0.826193498640628 1.30177225598217
572 564.3861024 4871.333772 / 1.42074440028452 0.826193498640628 1.30177225598217
573 565.960251 4870.878642 / 1.42074440028452 0.0655851080694648 0.260540465512432
574 565.953011 4870.8889 / 1.42074440028452 0.0655851080694648 0.260540465512432
575 565.7228135 4871.214625 / 1.42074440028452 0.0655851080694648 0.260540465512432
576 565.3164783 4871.424871 / 1.42074440028452 0.0655851080694648 0.260540465512432
577 553.6932845 4846.892995 / 1.54532358902468 -0.84261064989699 -0.55611183319217
578 553.8129129 4847.029022 / 1.54532358902468 -0.84261064989699 -0.55611183319217
579 553.7680443 4847.323221 / 1.54532358902468 -0.84261064989699 -0.55611183319217
580 553.4117695 4847.693887 / 1.54532358902468 -0.84261064989699 -0.556170202199412
581 554.6455262 4846.997478 / 1.54532358902468 -0.806487924562502 -0.55611183319217
582 554.5839167 4847.228334 / 1.54532358902468 -0.806487924562502 -0.55611183319217
583 554.6177869 4847.475301 / 1.54532358902468 -0.806487924562502 -0.55611183319217
584 554.5041722 4847.344973 / 1.54532358902468 -0.806487924562502 -0.55611183319217
585 552.9890751 4848.255641 / 1.54532358902468 -0.138332605993219 -0.556170202199412
586 552.7051813 4848.38834 / 1.54532358902468 -0.138332605993219 -0.556170202199412
587 552.5793026 4848.667355 / 1.54532358902468 -0.138332605993219 -0.556170202199412
588 552.9917434 4848.345075 / 1.54532358902468 -0.138332605993219 -0.556170202199412
589 563.2357252 4872.75303 / 0.17495251288292 -0.625247446644753 1.30177225598217
590 563.5986803 4873.060978 / 0.17495251288292 -0.625247446644753 1.30177225598217
591 563.6716288 4873.111665 / 0.17495251288292 -0.625247446644753 1.30177225598217
592 563.2878185 4872.847278 / 0.17495251288292 -0.625247446644753 1.30177225598217
593 576.8627017 4859.605978 / 0.17495251288292 -0.557837811226206 -1.032764084925
594 576.892718 4860.15651 / 0.17495251288292 -0.557837811226206 -1.032764084925
595 576.8414441 4860.63712 / 0.17495251288292 -0.557837811226206 -1.032764084925
596 576.8458089 4861.127262 / 0.17495251288292 -0.557837811226206 -1.032764084925
597 577.7479805 4861.34616 / 0.17495251288292 -0.703643878835917 -1.032764084925
598 577.5733997 4860.876241 / 0.17495251288292 -0.703643878835917 -1.032764084925
599 577.4838239 4860.50596 / 0.299531701623081 -0.703643878835917 -1.032764084925
600 577.3574659 4860.071824 / 0.299531701623081 -0.703643878835917 -1.032764084925
601 580.1026757 4847.926975 / 0.299531701623081 -0.948382880904826 -0.516348772192768
602 580.1151585 4848.120405 / 0.299531701623081 -0.948382880904826 -0.516348772192768
603 580.0866617 4848.509288 / 0.299531701623081 -0.948382880904826 -0.516348772192768
604 580.1049966 4848.865077 / 0.299531701623081 -0.948382880904826 -0.516348772192768
605 581.0604374 4849.571558 / 0.299531701623081 -0.748189902423933 -0.755992258578179
606 581.0373762 4849.059749 / 0.299531701623081 -0.748189902423933 -0.755992258578179
607 580.9701963 4848.747684 / 0.299531701623081 -0.748189902423933 -0.755992258578179
608 581.0050047 4848.34033 / 0.299531701623081 -0.748189902423933 -0.755992258578179
609 582.1160309 4847.932711 / 0.299531701623081 -0.764581537542915 -0.755992258578179
610 582.2254542 4848.35928 / 0.299531701623081 -0.764581537542915 -0.755992258578179
611 582.3773591 4848.863355 / 0.299531701623081 -0.764581537542915 -0.755992258578179
612 582.3559922 4849.198668 / 0.299531701623081 -0.764581537542915 -0.755992258578179
613 503.7748294 4892.435908 / 0.424110890363241 -1.01817134962393 0.111695574758844
614 503.7672243 4892.596624 / 0.424110890363241 -1.01817134962393 0.111695574758844
615 503.4663462 4892.691313 / 0.424110890363241 -1.01817134962393 0.111695574758844
616 503.5649533 4892.425794 / 0.424110890363241 -1.01817134962393 0.111695574758844
617 576.735823 4907.432639 / 0.424110890363241 0.0119665795000331 -0.214749518902804
618 576.7524832 4908.031385 / 0.424110890363241 0.0119665795000331 -0.214749518902804
619 576.6857144 4907.407167 / 0.424110890363241 0.0119665795000331 -0.214749518902804
620 576.7448638 4906.974833 / 0.424110890363241 0.0119665795000331 -0.214749518902804
621 575.1967475 4882.664509 / 0.548690079103401 -1.11345494869892 0.440617957515432
622 575.3198502 4882.8211 / 0.548690079103401 -1.11345494869892 0.440617957515432
623 575.4138245 4882.997133 / 0.548690079103401 -1.11345494869892 0.194732257312761
624 575.4179899 4882.877987 / 0.548690079103401 -1.11345494869892 0.194732257312761
625 576.8905675 4883.062409 / 0.548690079103401 -0.890946140867819 -0.286345230197766
626 576.8296352 4883.042702 / 0.548690079103401 -0.890946140867819 -0.286345230197766
627 576.4994849 4883.070521 / 0.548690079103401 -0.890946140867819 -0.286345230197766
628 576.2286911 4882.88787 / 0.548690079103401 -0.890946140867819 0.194732257312761
629 577.128234 4885.080723 / 0.548690079103401 0.20188462525219 -0.286345230197766
630 577.3835237 4884.795339 / 0.548690079103401 0.20188462525219 -0.286345230197766
631 577.3734151 4884.538501 / 0.548690079103401 0.20188462525219 -0.286345230197766
632 577.1749634 4884.91753 / 0.548690079103401 0.20188462525219 -0.286345230197766
633 585.8415688 4916.555471 / 0.673269267843561 0.667256924994285 -0.383847891519428
634 585.9042207 4915.717416 / 0.673269267843561 0.667256924994285 -0.384505957822498
635 585.851888 4915.420437 / 0.673269267843561 0.667256924994285 -0.384505957822498
636 586.0325135 4915.87764 / 0.673269267843561 0.667256924994285 -0.384505957822498
637 586.9467901 4915.015553 / 0.673269267843561 0.713524973842579 -0.384505957822498
638 587.2199111 4915.634557 / 0.673269267843561 0.713524973842579 -0.384505957822498
639 587.1380275 4916.283706 / 0.673269267843561 0.713524973842579 -0.383847891519428
640 587.2214952 4915.682905 / 0.673269267843561 0.713524973842579 -0.384505957822498
641 587.941064 4914.940224 / 0.673269267843561 0.045319658047025 -0.397517006301468
642 588.1477209 4915.460054 / 0.673269267843561 0.045319658047025 -0.397517006301468
643 588.4108562 4915.771685 / 0.673269267843561 0.045319658047025 -0.397517006301468
644 587.9709742 4915.62309 / 0.673269267843561 0.045319658047025 -0.397517006301468
645 589.2663009 4871.94671 / 0.922427645323881 -0.887291606538567 0.109608574851247
646 589.092124 4872.255632 / 0.922427645323881 -0.887291606538567 0.109608574851247
647 589.3015986 4872.391209 / 0.922427645323881 -0.887291606538567 0.109608574851247
648 589.2693549 4872.017515 / 0.922427645323881 -0.887291606538567 0.109608574851247
649 588.3370594 4872.152076 / 0.922427645323881 -0.834820280356106 0.109608574851247
650 588.3913394 4871.798874 / 0.922427645323881 -0.834820280356106 0.109608574851247
651 588.3759239 4871.854212 / 0.922427645323881 -0.834820280356106 0.109608574851247
652 588.4603315 4872.234819 / 0.922427645323881 -0.834820280356106 0.109608574851247
653 587.3432086 4872.069 / 0.922427645323881 -1.22607145790578 -0.335260174170932
654 587.3206561 4871.718109 / 0.922427645323881 -1.22607145790578 -0.335260174170932
655 587.3009573 4871.697631 / 0.922427645323881 -1.22607145790578 -0.335260174170932
656 587.336061 4871.996921 / 0.922427645323881 -1.22607145790578 -0.335260174170932
657 520.0868583 4886.281487 / -1.69373531821948 2.27927959958537 3.46313151257206
658 520.2347566 4886.418891 / -1.69373531821948 2.27927959958537 3.46313151257206
659 519.9914348 4885.933432 / -1.69373531821948 2.27927959958537 3.46313151257206
660 519.9354196 4885.4882 / -1.69373531821948 2.27927959958537 3.46313151257206
661 530.1014742 4881.498015 / -1.56915612947932 0.357145377525786 1.57895954682711
662 530.4030339 4882.111183 / -1.56915612947932 0.357145377525786 1.57895954682711
663 530.1739738 4882.100245 / -1.56915612947932 0.357145377525786 1.57895954682711
664 530.1347284 4881.596687 / -1.56915612947932 0.357145377525786 1.57895954682711
665 528.0268487 4883.332992 / -1.56915612947932 -0.32514385903905 0.964895345312995
666 528.2886373 4882.758092 / -1.56915612947932 -0.32514385903905 1.57895954682711
667 528.0847662 4883.076996 / -1.56915612947932 -0.32514385903905 0.964895345312995
668 527.9495049 4883.33955 / -1.56915612947932 -0.32514385903905 0.964895345312995
669 529.3412543 4883.199985 / -1.56915612947932 -0.0658095781265687 0.964895345312995
670 529.5906337 4883.365376 / -1.56915612947932 -0.0658095781265687 0.964895345312995
671 529.5834714 4883.498853 / -1.56915612947932 -0.0658095781265687 0.964895345312995
672 529.2511137 4883.708517 / -1.56915612947932 -0.0658095781265687 0.964895345312995
673 517.4789422 4905.235506 / -1.44457694073916 -0.441845792132285 -0.445588618850055
674 517.5045808 4905.491713 / -1.44457694073916 -0.441845792132285 -0.445588618850055
675 517.3388276 4905.521373 / -1.44457694073916 -0.441845792132285 -0.445588618850055
676 517.6237351 4905.349746 / -1.44457694073916 -0.441845792132285 -0.445588618850055
677 516.5033454 4905.400696 / -1.44457694073916 -0.600472552471686 -0.445588618850055
678 516.4332765 4905.763288 / -1.44457694073916 -0.600472552471686 -0.445588618850055
679 516.7327952 4905.884452 / -1.44457694073916 -0.600472552471686 -0.445588618850055
680 516.6051521 4906.019971 / -1.44457694073916 -0.600472552471686 -0.445588618850055
681 515.2524933 4906.778649 / -1.44457694073916 0.30538328821865 -2.07893603528353
682 515.6057101 4906.34307 / -1.44457694073916 0.30538328821865 -0.445588618850055
683 515.5171028 4906.107159 / -1.44457694073916 0.30538328821865 -0.445588618850055
684 515.6246078 4905.87738 / -1.44457694073916 0.30538328821865 -0.445588618850055
685 529.5108944 4872.082526 / -1.19541856325884 3.01055814927364 -0.259800443850022
686 528.6989717 4871.306794 / -1.19541856325884 3.01055814927364 -0.259800443850022
687 528.7201096 4872.033838 / -1.19541856325884 3.01055814927364 -0.259800443850022
688 529.3292043 4872.122258 / -1.19541856325884 3.01055814927364 -0.259800443850022
689 530.0199354 4872.167342 / -1.19541856325884 -0.532065128104627 -0.259800443850022
690 530.4448986 4872.08776 / -1.19541856325884 -0.532065128104627 -0.259800443850022
691 530.5881842 4872.084645 / -1.19541856325884 -0.532065128104627 -0.259800443850022
692 530.1223928 4872.115383 / -1.19541856325884 -0.532065128104627 -0.259800443850022
693 528.384345 4871.378631 / -1.19541856325884 2.1477789966741 -0.259800443850022
694 528.2415726 4871.74655 / -1.19541856325884 2.1477789966741 -0.259800443850022
695 528.0174219 4871.986285 / -1.19541856325884 2.1477789966741 -0.259800443850022
696 528.536102 4872.165548 / -1.19541856325884 2.1477789966741 -0.259800443850022
697 505.7221991 4893.983432 / -1.07083937451868 0.0385733541642406 0.386151099066714
698 505.8046406 4894.459225 / -1.07083937451868 0.0385733541642406 0.386151099066714
699 505.7715723 4894.629358 / -1.07083937451868 0.0385733541642406 0.386151099066714
700 505.7068001 4893.957206 / -1.07083937451868 0.0385733541642406 0.386151099066714
701 505.0881387 4893.788868 / -1.07083937451868 0.427830812460115 0.386151099066714
702 504.9746224 4894.061795 / -1.07083937451868 0.427830812460115 0.386151099066714
703 504.8637881 4894.825775 / -1.07083937451868 0.427830812460115 0.386151099066714
704 504.9141354 4894.16749 / -1.07083937451868 0.427830812460115 0.386151099066714
705 568.3965377 4906.685251 / -0.94626018577852 -0.595799299925577 0.114371486732983
706 568.3236587 4906.85845 / -0.94626018577852 -0.595799299925577 0.114371486732983
707 568.488006 4906.984364 / -0.94626018577852 -0.595799299925577 0.114371486732983
708 568.4906562 4907.55382 / -0.94626018577852 -0.595799299925577 0.114371486732983
709 567.6691917 4906.405525 / -0.94626018577852 -0.821280938271233 -0.382604377831868
710 567.6877366 4906.54824 / -0.94626018577852 -0.821280938271233 0.114371486732983
711 567.777871 4906.671479 / -0.94626018577852 -0.821280938271233 0.114371486732983
712 567.823109 4906.501098 / -0.94626018577852 -0.821280938271233 -0.382604377831868
713 566.3678571 4906.422742 / -0.94626018577852 -0.679805847786752 -0.382604377831868
714 566.3362596 4906.699024 / -0.94626018577852 -0.679805847786752 0.114371486732983
715 566.4213302 4906.85974 / -0.94626018577852 -0.679805847786752 0.114371486732983
716 566.6836706 4906.710555 / -0.94626018577852 -0.679805847786752 0.114371486732983
717 514.2126071 4875.288702 / -0.82168099703836 -0.709455813843384 -1.29714497642216
718 514.4275995 4875.180987 / -0.82168099703836 -0.709455813843384 -1.29714497642216
719 514.3904102 4875.147363 / -0.82168099703836 -0.709455813843384 -1.29714497642216
720 514.5436127 4875.227224 / -0.82168099703836 -0.709455813843384 -1.29714497642216
721 513.3784032 4873.55551 / -0.82168099703836 1.19029796040049 -1.29714497642216
722 513.2114662 4873.904263 / -0.82168099703836 1.19029796040049 -1.29714497642216
723 513.1087944 4874.429302 / -0.82168099703836 1.19029796040049 -1.29714497642216
724 512.8224595 4873.345932 / -0.82168099703836 1.19029796040049 -1.13921295790502
725 512.5394538 4874.09177 / -0.82168099703836 0.32318271428916 -1.29714497642216
726 512.2458301 4874.677106 / -0.82168099703836 0.32318271428916 -1.29714497642216
727 512.7785368 4874.297705 / -0.82168099703836 0.32318271428916 -1.29714497642216
728 512.627079 4873.995418 / -0.82168099703836 0.32318271428916 -1.29714497642216
729 517.5259589 4893.246256 / -0.6971018082982 -0.761254246924298 -0.53509980058487
730 517.772747 4893.272355 / -0.6971018082982 -0.761254246924298 -0.53509980058487
731 517.7642938 4893.44305 / -0.6971018082982 -0.761254246924298 -0.53509980058487
732 517.2146742 4893.709049 / -0.6971018082982 -0.761254246924298 -0.53509980058487
733 516.8439413 4893.721417 / -0.6971018082982 -0.423315988735821 -0.53509980058487
734 517.0250081 4894.002008 / -0.6971018082982 -0.423315988735821 -0.53509980058487
735 517.0461234 4893.624861 / -0.6971018082982 -0.423315988735821 -0.53509980058487
736 517.0221996 4893.729096 / -0.6971018082982 -0.423315988735821 -0.53509980058487
737 515.8418578 4894.590175 / -0.6971018082982 0.953338777685039 -0.53509980058487
738 515.6879449 4894.066654 / -0.6971018082982 0.953338777685039 -0.53509980058487
739 515.4507097 4893.895374 / -0.6971018082982 0.953338777685039 -1.32156935572007
740 515.8440928 4894.591069 / -0.6971018082982 0.953338777685039 -0.53509980058487
741 537.5223921 4895.445369 / -0.57252261955804 -0.605644019816783 -0.2174584509893
742 537.7025339 4895.517378 / -0.57252261955804 -0.605644019816783 -0.2174584509893
743 537.7117218 4895.378253 / -0.57252261955804 -0.605644019816783 -0.2174584509893
744 537.6193542 4895.157238 / -0.57252261955804 -0.605644019816783 -0.2174584509893
745 535.5557353 4895.276916 / -0.57252261955804 -0.657396520605337 -0.2174584509893
746 535.5542518 4895.329558 / -0.57252261955804 -0.657396520605337 -0.2174584509893
747 535.657151 4895.388875 / -0.57252261955804 -0.657396520605337 -0.2174584509893
748 535.5493037 4895.741621 / -0.57252261955804 -0.657396520605337 -0.2174584509893
749 536.3659343 4893.70453 / -0.57252261955804 -0.271904866776934 -0.2174584509893
750 535.9266161 4894.208171 / -0.57252261955804 -0.271904866776934 -0.2174584509893
751 535.8951882 4894.402713 / -0.57252261955804 -0.271904866776934 -0.2174584509893
752 536.0616984 4894.535472 / -0.57252261955804 -0.271904866776934 -0.2174584509893
753 564.1267221 4894.806691 / -0.32336424207772 -0.662041704024444 -0.546070860316828
754 564.2822526 4895.015714 / -0.32336424207772 -0.662041704024444 -0.546070860316828
755 564.1711097 4895.285003 / -0.32336424207772 -0.662041704024444 -0.546070860316828
756 563.6247094 4895.461749 / -0.32336424207772 -0.662041704024444 -0.546070860316828
757 564.581939 4895.522972 / -0.32336424207772 -0.7703575876164 -0.546070860316828
758 564.5703251 4895.582732 / -0.32336424207772 -0.7703575876164 -0.546070860316828
759 564.8398371 4895.467862 / -0.32336424207772 -0.7703575876164 -0.546070860316828
760 565.3894569 4895.276253 / -0.32336424207772 -0.7703575876164 0.12043724749403
761 562.7913366 4896.633642 / -0.32336424207772 0.222949674667384 -0.546070860316828
762 562.8932946 4896.297594 / -0.32336424207772 0.222949674667384 -0.546070860316828
763 562.8313863 4896.138486 / -0.32336424207772 0.222949674667384 -0.546070860316828
764 562.8111466 4895.890912 / -0.32336424207772 0.222949674667384 -0.546070860316828
765 574.8837809 4895.241721 / -0.19878505333756 -0.458611076575409 -0.314012752512833
766 574.7744627 4895.45976 / -0.19878505333756 -0.458611076575409 -0.314012752512833
767 575.1102638 4895.748976 / -0.19878505333756 -0.458611076575409 -0.314012752512833
768 575.1393625 4895.587122 / -0.19878505333756 -0.458611076575409 -0.314012752512833
769 575.658983 4895.225171 / -0.19878505333756 -0.669167573475265 -0.314012752512833
770 575.5112543 4895.39721 / -0.19878505333756 -0.669167573475265 -0.314012752512833
771 575.4138263 4895.295001 / -0.19878505333756 -0.669167573475265 -0.314012752512833
772 575.6726463 4894.899399 / -0.19878505333756 -0.669167573475265 -0.314012752512833
773 576.3652511 4896.957981 / -0.19878505333756 -0.182668878025022 -0.314012752512833
774 576.4172681 4896.511126 / -0.19878505333756 -0.182668878025022 -0.314012752512833
775 576.5461575 4896.419981 / -0.19878505333756 -0.182668878025022 -0.375043220428885
776 576.4073909 4896.282171 / -0.19878505333756 -0.182668878025022 -0.314012752512833
777 543.265107 4899.083386 / -0.0742058645973997 -0.634661205480852 -0.422729092195561
778 543.0919408 4899.176661 / -0.0742058645973997 -0.634661205480852 -0.422729092195561
779 542.9202641 4899.494439 / -0.0742058645973997 -0.634661205480852 -0.422729092195561
780 542.9609745 4899.958899 / -0.0742058645973997 -0.634661205480852 -0.422729092195561
781 544.2581092 4897.911813 / -0.0742058645973997 -0.77875358976489 -0.422729092195561
782 544.2168194 4898.314635 / -0.0742058645973997 -0.77875358976489 -0.422729092195561
783 544.2057116 4898.161717 / -0.0742058645973997 -0.77875358976489 -0.422729092195561
784 544.0880681 4898.091835 / -0.0742058645973997 -0.77875358976489 -0.422729092195561
785 544.8743921 4899.303807 / -0.0742058645973997 -0.243245501412519 -0.422729092195561
786 544.7238248 4898.972654 / -0.0742058645973997 -0.243245501412519 -0.422729092195561
787 544.9494083 4898.657292 / -0.0742058645973997 -0.243245501412519 -0.422729092195561
788 544.8487068 4898.996612 / -0.0742058645973997 -0.243245501412519 -0.422729092195561
789 530.5967988 4858.606449 / 0.0503733241427604 0.527206713113661 -1.41547255172443
790 530.7874246 4858.52303 / 0.0503733241427604 0.527206713113661 -1.19245384945906
791 531.2121966 4858.193475 / 0.0503733241427604 0.527206713113661 -1.19245384945906
792 530.9651907 4858.286726 / 0.0503733241427604 0.527206713113661 -1.19245384945906
793 529.3050032 4858.782107 / 0.0503733241427604 1.28113922270427 -1.41547255172443
794 529.7275108 4858.273962 / 0.0503733241427604 1.28113922270427 -1.41547255172443
795 529.1988205 4858.94191 / 0.0503733241427604 1.28113922270427 -1.41547255172443
796 529.1634164 4858.5709 / 0.0503733241427604 1.28113922270427 -1.41547255172443
797 528.8837908 4858.89655 / 0.0503733241427604 0.382128115721888 -1.41547255172443
798 529.0872602 4858.57001 / 0.0503733241427604 0.382128115721888 -1.41547255172443
799 528.9819578 4858.602204 / 0.0503733241427604 0.382128115721888 -1.41547255172443
800 528.8164129 4858.243512 / 0.0503733241427604 0.382128115721888 -1.41547255172443
801 554.1235398 4859.041434 / 1.29616521154436 -0.761884644132105 -0.0147756466262584
802 554.2523129 4859.239084 / 1.29616521154436 -0.761884644132105 -0.0512758496279102
803 554.4444833 4859.238103 / 1.29616521154436 -0.761884644132105 -0.0512758496279102
804 554.6510349 4859.080854 / 1.29616521154436 -0.761884644132105 -0.0147756466262584
805 553.5537861 4858.931739 / 1.29616521154436 -0.741396945257419 -0.212566577774261
806 553.6165677 4858.887372 / 1.29616521154436 -0.741396945257419 -0.0147756466262584
807 553.5826659 4858.857331 / 1.29616521154436 -0.741396945257419 -0.212566577774261
808 553.3267378 4858.712986 / 1.29616521154436 -0.741396945257419 -0.212566577774261
809 552.2833219 4858.399572 / 1.29616521154436 -0.360004869449895 -0.212566577774261
810 552.1337414 4858.806144 / 1.29616521154436 -0.360004869449895 -0.212566577774261
811 552.0527775 4859.152166 / 1.29616521154436 -0.360004869449895 -0.164177190504688
812 552.0643855 4858.419622 / 1.29616521154436 -0.360004869449895 -0.212566577774261
813 565.0184994 4859.086867 / 1.42074440028452 -0.674047604559445 -0.401641713045915
814 564.9860016 4859.30437 / 1.42074440028452 -0.674047604559445 0.617907222636286
815 565.1046957 4859.227113 / 1.42074440028452 -0.674047604559445 0.000189092909227032
816 565.2230255 4859.219944 / 1.42074440028452 -0.674047604559445 0.000189092909227032
817 565.7421273 4859.103434 / 1.42074440028452 -0.336409958346369 -0.625835196789065
818 565.8353294 4859.337731 / 1.42074440028452 -0.336409958346369 0.000189092909227032
819 565.643097 4859.734149 / 1.42074440028452 -0.336409958346369 0.000189092909227032
820 565.7220076 4859.204315 / 1.42074440028452 -0.336409958346369 0.000189092909227032
821 564.1432783 4859.210535 / 1.42074440028452 -0.0743189465983548 0.617907222636286
822 564.3609329 4859.465785 / 1.42074440028452 -0.0743189465983548 0.617907222636286
823 564.3386123 4859.945197 / 1.42074440028452 -0.0743189465983548 0.617907222636286
824 564.3865584 4859.664749 / 1.42074440028452 -0.0743189465983548 0.617907222636286
825 575.5303556 4861.053396 / 1.42074440028452 -0.0854229865328037 -1.04286587594477
826 575.1369718 4860.355565 / 1.42074440028452 -0.0854229865328037 -1.04286587594477
827 574.9354735 4860.657203 / 1.42074440028452 -0.0854229865328037 -1.04286587594477
828 575.1081949 4861.024389 / 1.42074440028452 -0.0854229865328037 -1.04286587594477
829 565.7054035 4847.52864 / 1.54532358902468 -0.610242460172863 -0.60648360563425
830 565.1982134 4847.931746 / 1.54532358902468 -0.610242460172863 -0.60648360563425
831 565.2557285 4847.90965 / 1.54532358902468 -0.610242460172863 -0.60648360563425
832 565.6326243 4847.604675 / 1.54532358902468 -0.610242460172863 -0.60648360563425
833 564.2062729 4847.722846 / 1.54532358902468 1.67211342132552 -0.603124692673813
834 564.3959457 4848.040683 / 1.54532358902468 1.67211342132552 -0.603124692673813
835 564.4756073 4847.733778 / 1.54532358902468 1.67211342132552 -0.603124692673813
836 564.6873762 4848.285871 / 1.54532358902468 1.67211342132552 -0.603124692673813
837 570.2829354 4841.746418 / 1.66990277776484 -0.491071780943387 -0.193276249812358
838 570.2132084 4841.329819 / 1.66990277776484 -0.491071780943387 -0.193276249812358
839 570.495147 4841.094422 / 1.66990277776484 -0.491071780943387 -0.193276249812358
840 570.4412996 4841.441186 / 1.66990277776484 -0.491071780943387 -0.193276249812358
841 569.5295972 4841.863823 / 1.66990277776484 -0.394854748677828 -0.193276249812358
842 569.5211661 4841.443538 / 1.66990277776484 -0.394854748677828 -0.193276249812358
843 569.3126099 4841.249321 / 1.66990277776484 -0.394854748677828 -0.193276249812358
844 569.4738618 4841.70074 / 1.66990277776484 -0.394854748677828 -0.193276249812358
845 568.2618941 4842.0058 / 1.66990277776484 -0.151889171705954 -0.357792440933991
846 568.7452488 4841.53025 / 1.66990277776484 -0.151889171705954 -0.357792440933991
847 568.6698372 4841.163372 / 1.66990277776484 -0.151889171705954 -0.357792440933991
848 568.4222839 4841.666109 / 1.66990277776484 -0.151889171705954 -0.357792440933991
849 566.8863268 4836.722538 / 0.17495251288292 0.897995058375431 -0.0714934398519487
850 567.4434044 4836.557636 / 0.17495251288292 0.897995058375431 -0.0714934398519487
851 567.1181052 4835.901253 / 0.17495251288292 0.897995058375431 -0.0714934398519487
852 566.9688878 4835.545656 / 0.17495251288292 0.897995058375431 -0.0714934398519487
853 565.6873764 4836.625904 / 0.17495251288292 -0.905621195161644 -0.0714934398519487
854 565.7662711 4836.88248 / 0.17495251288292 -0.905621195161644 -0.0714934398519487
855 565.6696501 4836.698927 / 0.17495251288292 -0.905621195161644 -0.0714934398519487
856 565.6145551 4836.522002 / 0.17495251288292 -0.905621195161644 -0.0714934398519487
857 564.6337213 4837.223647 / 0.17495251288292 -0.619370118185541 -0.47514171090936
858 564.6371829 4837.115718 / 0.17495251288292 -0.619370118185541 -0.47514171090936
859 565.0671733 4837.029032 / 0.17495251288292 -0.619370118185541 -0.0714934398519487
860 564.529738 4837.265739 / 0.17495251288292 -0.619370118185541 -0.47514171090936
861 574.5207671 4832.155085 / 0.299531701623081 1.19746100300765 1.17902449897169
862 574.3345447 4832.478132 / 0.299531701623081 1.19746100300765 1.17902449897169
863 574.2094116 4832.727441 / 0.299531701623081 1.19746100300765 1.17902449897169
864 574.5100347 4832.16263 / 0.299531701623081 1.19746100300765 1.17902449897169
865 573.9053759 4832.677981 / 0.299531701623081 -0.636184682636466 1.17902449897169
866 573.6365096 4832.613483 / 0.299531701623081 -0.636184682636466 1.17902449897169
867 573.4576255 4832.735922 / 0.299531701623081 -0.636184682636466 1.17902449897169
868 573.3314154 4832.56415 / 0.299531701623081 -0.636184682636466 1.17902449897169
869 573.0620431 4832.389927 / 0.299531701623081 -0.792326566852791 1.17902449897169
870 572.8094828 4832.537793 / 0.299531701623081 -0.792326566852791 1.17902449897169
871 572.8176623 4832.772139 / 0.299531701623081 -0.792326566852791 1.17902449897169
872 572.8330107 4832.362218 / 0.299531701623081 -0.792326566852791 1.17902449897169
873 541.2468946 4905.414134 / 0.424110890363241 -0.54841360981059 -0.206392308134304
874 540.7749936 4905.755741 / 0.424110890363241 -0.54841360981059 -0.206392308134304
875 540.6434479 4905.757366 / 0.424110890363241 -0.54841360981059 -0.206392308134304
876 541.0784271 4905.527041 / 0.424110890363241 -0.54841360981059 -0.206392308134304
877 538.9720035 4905.545369 / 0.424110890363241 -0.650856174661354 -0.206392308134304
878 538.965488 4905.661628 / 0.424110890363241 -0.650856174661354 -0.206392308134304
879 539.0222221 4905.79215 / 0.424110890363241 -0.650856174661354 -0.206392308134304
880 539.1443103 4905.73112 / 0.424110890363241 -0.650856174661354 -0.206392308134304
881 539.5916767 4905.910092 / 0.424110890363241 -0.689643092876191 -0.206392308134304
882 539.9365904 4905.699252 / 0.424110890363241 -0.689643092876191 -0.206392308134304
883 540.1482791 4905.415521 / 0.424110890363241 -0.689643092876191 -0.206392308134304
884 540.1200232 4905.366251 / 0.424110890363241 -0.689643092876191 -0.206392308134304
885 505.8007872 4906.384897 / 0.548690079103401 -0.160842037116834 -1.62940262807148
886 505.6474994 4905.737424 / 0.548690079103401 -0.160842037116834 -1.62940262807148
887 505.6697246 4905.678352 / 0.548690079103401 -0.160842037116834 -1.62940262807148
888 505.8449969 4906.445472 / 0.548690079103401 -0.160842037116834 -1.62940262807148
889 590.4407205 4899.179591 / 0.797848456583721 -1.27392594881825 2.47952511995647
890 590.5640555 4898.750025 / 0.797848456583721 -1.27392594881825 2.47952511995647
891 590.7209183 4898.72142 / 0.797848456583721 -1.27392594881825 2.47952511995647
892 590.7906749 4898.834702 / 0.797848456583721 -1.27392594881825 2.47952511995647
893 590.8842514 4898.859995 / 0.797848456583721 -1.25972880349453 2.47952511995647
894 591.1203405 4898.866159 / 0.797848456583721 -1.25972880349453 2.47952511995647
895 591.3142795 4898.939624 / 0.797848456583721 -1.25972880349453 2.47952511995647
896 591.4507192 4899.161271 / 0.797848456583721 -1.25972880349453 2.47952511995647
897 592.5362638 4899.82341 / 0.797848456583721 -0.441208689176781 2.04359885877397
898 592.4340261 4899.365921 / 0.797848456583721 -0.441208689176781 2.04359885877397
899 592.3890573 4899.065886 / 0.797848456583721 -0.441208689176781 2.04359885877397
900 592.3389113 4899.535778 / 0.797848456583721 -0.441208689176781 2.04359885877397
901 577.7008558 4873.899861 / 1.04700683406404 -0.27146909110098 -0.0132918080640574
902 577.580613 4873.373355 / 1.04700683406404 -0.27146909110098 -0.0132918080640574
903 577.4670021 4873.134414 / 1.04700683406404 -0.27146909110098 -0.550041046237938
904 577.6593932 4873.607889 / 1.04700683406404 -0.27146909110098 -0.0132918080640574
905 552.9101581 4878.576451 / 1.1715860228042 -0.84166301872943 -0.798081720365375
906 552.2998979 4878.320443 / 1.1715860228042 -0.84166301872943 -0.798081720365375
907 552.304394 4878.319145 / 1.1715860228042 -0.84166301872943 -0.798081720365375
908 552.7380439 4878.513537 / 1.1715860228042 -0.84166301872943 -0.798081720365375
909 553.2167622 4879.214718 / 1.1715860228042 -0.711243681764519 -0.798081720365375
910 553.3022078 4879.702145 / 1.1715860228042 -0.711243681764519 -0.798081720365375
911 553.368156 4880.073786 / 1.1715860228042 -0.711243681764519 -0.798081720365375
912 553.5247231 4880.467822 / 1.1715860228042 -0.711243681764519 -0.798081720365375
